(460, 0, 4, 2)
(460, 0, 4, 3)
(460, 0, 4, 4)
(460, 0, 4, 5)
(460, 0, 5, 2)
(460, 0, 5, 3)
(460, 0, 5, 4)
(460, 0, 5, 5)
(460, 0, 5, 6)
(460, 0, 6, 2)
(460, 0, 6, 3)
(460, 0, 6, 4)
(460, 0, 6, 5)
(460, 0, 6, 6)
(460, 0, 6, 7)
(460, 0, 7, 2)
(460, 0, 7, 3)
(460, 0, 7, 4)
(460, 0, 7, 5)
(460, 0, 7, 6)
(460, 0, 7, 7)
(460, 0, 8, 2)
(460, 0, 8, 3)
(460, 0, 8, 4)
(460, 0, 8, 5)
(460, 0, 8, 6)
(460, 0, 8, 7)
(460, 0, 8, 8)
(460, 0, 8, 9)
(460, 0, 9, 2)
(460, 0, 9, 3)
(460, 0, 9, 4)
(460, 0, 9, 5)
(460, 0, 9, 6)
(460, 0, 9, 7)
(460, 0, 10, 2)
(460, 0, 10, 3)
(460, 0, 10, 4)
(460, 0, 10, 5)
(460, 0, 10, 6)
(460, 0, 11, 2)
(460, 0, 11, 3)
(460, 0, 11, 4)
(460, 0, 11, 5)
(460, 0, 12, 2)
(460, 0, 12, 3)
(460, 0, 12, 4)
(460, 0, 12, 5)
(460, 0, 13, 2)
(460, 0, 13, 3)
(460, 0, 13, 4)
(460, 0, 14, 2)
(460, 0, 14, 3)
(460, 0, 14, 4)
(460, 0, 15, 2)
(460, 0, 15, 3)
(460, 0, 15, 4)
(460, 50, 4, 2)
(460, 50, 4, 3)
(460, 50, 4, 4)
(460, 50, 4, 5)
(460, 50, 5, 2)
(460, 50, 5, 3)
(460, 50, 5, 4)
(460, 50, 5, 5)
(460, 50, 5, 6)
(460, 50, 6, 2)
(460, 50, 6, 3)
(460, 50, 6, 4)
(460, 50, 6, 5)
(460, 50, 6, 6)
(460, 50, 6, 7)
(460, 50, 7, 2)
(460, 50, 7, 3)
(460, 50, 7, 4)
(460, 50, 7, 5)
(460, 50, 7, 6)
(460, 50, 7, 7)
(460, 50, 8, 2)
(460, 50, 8, 3)
(460, 50, 8, 4)
(460, 50, 8, 5)
(460, 50, 8, 6)
(460, 50, 8, 7)
(460, 50, 9, 2)
(460, 50, 9, 3)
(460, 50, 9, 4)
(460, 50, 9, 5)
(460, 50, 9, 6)
(460, 50, 9, 7)
(460, 50, 10, 2)
(460, 50, 10, 3)
(460, 50, 10, 4)
(460, 50, 10, 5)
(460, 50, 10, 6)
(460, 50, 11, 2)
(460, 50, 11, 3)
(460, 50, 11, 4)
(460, 50, 11, 5)
(460, 50, 12, 2)
(460, 50, 12, 3)
(460, 50, 12, 4)
(460, 50, 13, 2)
(460, 50, 13, 3)
(460, 50, 13, 4)
(460, 50, 14, 2)
(460, 50, 14, 3)
(460, 50, 14, 4)
(460, 50, 15, 2)
(460, 50, 15, 3)
(460, 100, 4, 2)
(460, 100, 4, 3)
(460, 100, 4, 4)
(460, 100, 4, 5)
(460, 100, 5, 2)
(460, 100, 5, 3)
(460, 100, 5, 4)
(460, 100, 5, 5)
(460, 100, 5, 6)
(460, 100, 6, 2)
(460, 100, 6, 3)
(460, 100, 6, 4)
(460, 100, 6, 5)
(460, 100, 6, 6)
(460, 100, 6, 7)
(460, 100, 7, 2)
(460, 100, 7, 3)
(460, 100, 7, 4)
(460, 100, 7, 5)
(460, 100, 7, 6)
(460, 100, 7, 7)
(460, 100, 8, 2)
(460, 100, 8, 3)
(460, 100, 8, 4)
(460, 100, 8, 5)
(460, 100, 8, 6)
(460, 100, 8, 7)
(460, 100, 9, 2)
(460, 100, 9, 3)
(460, 100, 9, 4)
(460, 100, 9, 5)
(460, 100, 9, 6)
(460, 100, 10, 2)
(460, 100, 10, 3)
(460, 100, 10, 4)
(460, 100, 10, 5)
(460, 100, 11, 2)
(460, 100, 11, 3)
(460, 100, 11, 4)
(460, 100, 11, 5)
(460, 100, 12, 2)
(460, 100, 12, 3)
(460, 100, 12, 4)
(460, 100, 13, 2)
(460, 100, 13, 3)
(460, 100, 13, 4)
(460, 100, 14, 2)
(460, 100, 14, 3)
(460, 100, 15, 2)
(460, 100, 15, 3)
(460, 150, 4, 2)
(460, 150, 4, 3)
(460, 150, 4, 4)
(460, 150, 4, 5)
(460, 150, 5, 2)
(460, 150, 5, 3)
(460, 150, 5, 4)
(460, 150, 5, 5)
(460, 150, 5, 6)
(460, 150, 6, 2)
(460, 150, 6, 3)
(460, 150, 6, 4)
(460, 150, 6, 5)
(460, 150, 6, 6)
(460, 150, 6, 7)
(460, 150, 7, 2)
(460, 150, 7, 3)
(460, 150, 7, 4)
(460, 150, 7, 5)
(460, 150, 7, 6)
(460, 150, 7, 7)
(460, 150, 8, 2)
(460, 150, 8, 3)
(460, 150, 8, 4)
(460, 150, 8, 5)
(460, 150, 8, 6)
(460, 150, 8, 7)
(460, 150, 9, 2)
(460, 150, 9, 3)
(460, 150, 9, 4)
(460, 150, 9, 5)
(460, 150, 9, 6)
(460, 150, 10, 2)
(460, 150, 10, 3)
(460, 150, 10, 4)
(460, 150, 10, 5)
(460, 150, 11, 2)
(460, 150, 11, 3)
(460, 150, 11, 4)
(460, 150, 11, 5)
(460, 150, 12, 2)
(460, 150, 12, 3)
(460, 150, 12, 4)
(460, 150, 13, 2)
(460, 150, 13, 3)
(460, 150, 13, 4)
(460, 150, 14, 2)
(460, 150, 14, 3)
(460, 150, 15, 2)
(460, 150, 15, 3)
(460, 200, 4, 3)
(460, 200, 4, 4)
(460, 200, 5, 2)
(460, 200, 5, 3)
(460, 200, 5, 4)
(460, 200, 5, 5)
(460, 200, 6, 2)
(460, 200, 6, 3)
(460, 200, 6, 4)
(460, 200, 6, 5)
(460, 200, 6, 6)
(460, 200, 7, 2)
(460, 200, 7, 3)
(460, 200, 7, 4)
(460, 200, 7, 5)
(460, 200, 7, 6)
(460, 200, 7, 7)
(460, 200, 8, 2)
(460, 200, 8, 3)
(460, 200, 8, 4)
(460, 200, 8, 5)
(460, 200, 8, 6)
(460, 200, 8, 7)
(460, 200, 9, 2)
(460, 200, 9, 3)
(460, 200, 9, 4)
(460, 200, 9, 5)
(460, 200, 9, 6)
(460, 200, 10, 2)
(460, 200, 10, 3)
(460, 200, 10, 4)
(460, 200, 10, 5)
(460, 200, 10, 6)
(460, 200, 11, 2)
(460, 200, 11, 3)
(460, 200, 11, 4)
(460, 200, 11, 5)
(460, 200, 12, 2)
(460, 200, 12, 3)
(460, 200, 12, 4)
(460, 200, 13, 2)
(460, 200, 13, 3)
(460, 200, 14, 3)
(460, 250, 4, 3)
(460, 250, 5, 3)
(460, 250, 5, 4)
(460, 250, 5, 5)
(460, 250, 6, 3)
(460, 250, 6, 4)
(460, 250, 6, 5)
(460, 250, 6, 6)
(460, 250, 7, 2)
(460, 250, 7, 3)
(460, 250, 7, 4)
(460, 250, 7, 5)
(460, 250, 7, 6)
(460, 250, 8, 3)
(460, 250, 8, 4)
(460, 250, 8, 5)
(460, 250, 8, 6)
(460, 250, 8, 7)
(460, 250, 8, 8)
(460, 250, 9, 2)
(460, 250, 9, 3)
(460, 250, 9, 4)
(460, 250, 9, 5)
(460, 250, 9, 6)
(460, 250, 10, 2)
(460, 250, 10, 3)
(460, 250, 10, 4)
(460, 250, 10, 5)
(460, 250, 11, 3)
(460, 250, 11, 4)
(460, 250, 12, 3)
(460, 250, 12, 4)
(460, 250, 13, 3)
(460, 300, 5, 3)
(460, 300, 5, 4)
(460, 300, 6, 3)
(460, 300, 6, 4)
(460, 300, 6, 5)
(460, 300, 6, 6)
(460, 300, 7, 3)
(460, 300, 7, 4)
(460, 300, 7, 5)
(460, 300, 7, 6)
(460, 300, 8, 3)
(460, 300, 8, 4)
(460, 300, 8, 5)
(460, 300, 8, 6)
(460, 300, 8, 7)
(460, 300, 9, 3)
(460, 300, 9, 4)
(460, 300, 9, 5)
(460, 300, 9, 6)
(460, 300, 10, 3)
(460, 300, 10, 4)
(460, 300, 10, 5)
(460, 300, 11, 3)
(460, 300, 11, 4)
(460, 300, 12, 3)
(460, 300, 12, 4)
(460, 350, 6, 4)
(460, 350, 6, 5)
(460, 350, 7, 3)
(460, 350, 7, 4)
(460, 350, 7, 5)
(460, 350, 8, 3)
(460, 350, 8, 4)
(460, 350, 8, 5)
(460, 350, 8, 6)
(460, 350, 9, 3)
(460, 350, 9, 4)
(460, 350, 9, 5)
(460, 350, 10, 3)
(460, 350, 10, 4)
(460, 350, 10, 5)
(460, 350, 11, 3)
(460, 350, 11, 4)
(460, 350, 12, 4)
(465, 0, 4, 2)
(465, 0, 4, 3)
(465, 0, 4, 4)
(465, 0, 4, 5)
(465, 0, 5, 2)
(465, 0, 5, 3)
(465, 0, 5, 4)
(465, 0, 5, 5)
(465, 0, 5, 6)
(465, 0, 5, 7)
(465, 0, 6, 2)
(465, 0, 6, 3)
(465, 0, 6, 4)
(465, 0, 6, 5)
(465, 0, 6, 6)
(465, 0, 6, 7)
(465, 0, 7, 2)
(465, 0, 7, 3)
(465, 0, 7, 4)
(465, 0, 7, 5)
(465, 0, 7, 6)
(465, 0, 7, 7)
(465, 0, 7, 8)
(465, 0, 8, 2)
(465, 0, 8, 3)
(465, 0, 8, 4)
(465, 0, 8, 5)
(465, 0, 8, 6)
(465, 0, 8, 7)
(465, 0, 8, 8)
(465, 0, 9, 2)
(465, 0, 9, 3)
(465, 0, 9, 4)
(465, 0, 9, 5)
(465, 0, 9, 6)
(465, 0, 9, 7)
(465, 0, 10, 2)
(465, 0, 10, 3)
(465, 0, 10, 4)
(465, 0, 10, 5)
(465, 0, 10, 6)
(465, 0, 11, 2)
(465, 0, 11, 3)
(465, 0, 11, 4)
(465, 0, 11, 5)
(465, 0, 12, 2)
(465, 0, 12, 3)
(465, 0, 12, 4)
(465, 0, 12, 5)
(465, 0, 13, 2)
(465, 0, 13, 3)
(465, 0, 13, 4)
(465, 0, 14, 2)
(465, 0, 14, 3)
(465, 0, 14, 4)
(465, 0, 15, 2)
(465, 0, 15, 3)
(465, 0, 15, 4)
(465, 50, 4, 2)
(465, 50, 4, 3)
(465, 50, 4, 4)
(465, 50, 4, 5)
(465, 50, 5, 2)
(465, 50, 5, 3)
(465, 50, 5, 4)
(465, 50, 5, 5)
(465, 50, 5, 6)
(465, 50, 5, 7)
(465, 50, 6, 2)
(465, 50, 6, 3)
(465, 50, 6, 4)
(465, 50, 6, 5)
(465, 50, 6, 6)
(465, 50, 6, 7)
(465, 50, 7, 2)
(465, 50, 7, 3)
(465, 50, 7, 4)
(465, 50, 7, 5)
(465, 50, 7, 6)
(465, 50, 7, 7)
(465, 50, 7, 8)
(465, 50, 8, 2)
(465, 50, 8, 3)
(465, 50, 8, 4)
(465, 50, 8, 5)
(465, 50, 8, 6)
(465, 50, 8, 7)
(465, 50, 8, 8)
(465, 50, 9, 2)
(465, 50, 9, 3)
(465, 50, 9, 4)
(465, 50, 9, 5)
(465, 50, 9, 6)
(465, 50, 9, 7)
(465, 50, 9, 8)
(465, 50, 10, 2)
(465, 50, 10, 3)
(465, 50, 10, 4)
(465, 50, 10, 5)
(465, 50, 10, 6)
(465, 50, 11, 2)
(465, 50, 11, 3)
(465, 50, 11, 4)
(465, 50, 11, 5)
(465, 50, 12, 2)
(465, 50, 12, 3)
(465, 50, 12, 4)
(465, 50, 13, 2)
(465, 50, 13, 3)
(465, 50, 13, 4)
(465, 50, 14, 2)
(465, 50, 14, 3)
(465, 50, 14, 4)
(465, 50, 15, 2)
(465, 50, 15, 3)
(465, 100, 4, 2)
(465, 100, 4, 3)
(465, 100, 4, 4)
(465, 100, 4, 5)
(465, 100, 5, 2)
(465, 100, 5, 3)
(465, 100, 5, 4)
(465, 100, 5, 5)
(465, 100, 5, 6)
(465, 100, 6, 2)
(465, 100, 6, 3)
(465, 100, 6, 4)
(465, 100, 6, 5)
(465, 100, 6, 6)
(465, 100, 6, 7)
(465, 100, 7, 2)
(465, 100, 7, 3)
(465, 100, 7, 4)
(465, 100, 7, 5)
(465, 100, 7, 6)
(465, 100, 7, 7)
(465, 100, 7, 8)
(465, 100, 8, 2)
(465, 100, 8, 3)
(465, 100, 8, 4)
(465, 100, 8, 5)
(465, 100, 8, 6)
(465, 100, 8, 7)
(465, 100, 8, 8)
(465, 100, 9, 2)
(465, 100, 9, 3)
(465, 100, 9, 4)
(465, 100, 9, 5)
(465, 100, 9, 6)
(465, 100, 9, 7)
(465, 100, 10, 2)
(465, 100, 10, 3)
(465, 100, 10, 4)
(465, 100, 10, 5)
(465, 100, 10, 6)
(465, 100, 11, 2)
(465, 100, 11, 3)
(465, 100, 11, 4)
(465, 100, 11, 5)
(465, 100, 12, 2)
(465, 100, 12, 3)
(465, 100, 12, 4)
(465, 100, 13, 2)
(465, 100, 13, 3)
(465, 100, 13, 4)
(465, 100, 14, 2)
(465, 100, 14, 3)
(465, 100, 15, 2)
(465, 100, 15, 3)
(465, 150, 4, 2)
(465, 150, 4, 3)
(465, 150, 4, 4)
(465, 150, 4, 5)
(465, 150, 5, 2)
(465, 150, 5, 3)
(465, 150, 5, 4)
(465, 150, 5, 5)
(465, 150, 5, 6)
(465, 150, 6, 2)
(465, 150, 6, 3)
(465, 150, 6, 4)
(465, 150, 6, 5)
(465, 150, 6, 6)
(465, 150, 6, 7)
(465, 150, 7, 2)
(465, 150, 7, 3)
(465, 150, 7, 4)
(465, 150, 7, 5)
(465, 150, 7, 6)
(465, 150, 7, 7)
(465, 150, 7, 8)
(465, 150, 8, 2)
(465, 150, 8, 3)
(465, 150, 8, 4)
(465, 150, 8, 5)
(465, 150, 8, 6)
(465, 150, 9, 2)
(465, 150, 9, 3)
(465, 150, 9, 4)
(465, 150, 9, 5)
(465, 150, 9, 6)
(465, 150, 10, 2)
(465, 150, 10, 3)
(465, 150, 10, 4)
(465, 150, 10, 5)
(465, 150, 10, 6)
(465, 150, 11, 2)
(465, 150, 11, 3)
(465, 150, 11, 4)
(465, 150, 11, 5)
(465, 150, 12, 2)
(465, 150, 12, 3)
(465, 150, 12, 4)
(465, 150, 13, 2)
(465, 150, 13, 3)
(465, 150, 13, 4)
(465, 150, 14, 2)
(465, 150, 14, 3)
(465, 150, 15, 2)
(465, 150, 15, 3)
(465, 200, 4, 3)
(465, 200, 4, 4)
(465, 200, 5, 2)
(465, 200, 5, 3)
(465, 200, 5, 4)
(465, 200, 5, 5)
(465, 200, 5, 6)
(465, 200, 6, 2)
(465, 200, 6, 3)
(465, 200, 6, 4)
(465, 200, 6, 5)
(465, 200, 6, 6)
(465, 200, 7, 2)
(465, 200, 7, 3)
(465, 200, 7, 4)
(465, 200, 7, 5)
(465, 200, 7, 6)
(465, 200, 7, 7)
(465, 200, 7, 8)
(465, 200, 8, 2)
(465, 200, 8, 3)
(465, 200, 8, 4)
(465, 200, 8, 5)
(465, 200, 8, 6)
(465, 200, 9, 2)
(465, 200, 9, 3)
(465, 200, 9, 4)
(465, 200, 9, 5)
(465, 200, 9, 6)
(465, 200, 10, 2)
(465, 200, 10, 3)
(465, 200, 10, 4)
(465, 200, 10, 5)
(465, 200, 11, 2)
(465, 200, 11, 3)
(465, 200, 11, 4)
(465, 200, 12, 2)
(465, 200, 12, 3)
(465, 200, 12, 4)
(465, 200, 13, 2)
(465, 200, 13, 3)
(465, 200, 14, 3)
(465, 250, 5, 3)
(465, 250, 5, 4)
(465, 250, 5, 5)
(465, 250, 6, 3)
(465, 250, 6, 4)
(465, 250, 6, 5)
(465, 250, 6, 6)
(465, 250, 7, 3)
(465, 250, 7, 4)
(465, 250, 7, 5)
(465, 250, 7, 6)
(465, 250, 8, 3)
(465, 250, 8, 4)
(465, 250, 8, 5)
(465, 250, 8, 6)
(465, 250, 8, 7)
(465, 250, 9, 3)
(465, 250, 9, 4)
(465, 250, 9, 5)
(465, 250, 9, 6)
(465, 250, 10, 2)
(465, 250, 10, 3)
(465, 250, 10, 4)
(465, 250, 10, 5)
(465, 250, 11, 3)
(465, 250, 11, 4)
(465, 250, 12, 3)
(465, 250, 12, 4)
(465, 250, 13, 3)
(465, 300, 5, 3)
(465, 300, 5, 4)
(465, 300, 6, 3)
(465, 300, 6, 4)
(465, 300, 6, 5)
(465, 300, 6, 6)
(465, 300, 7, 3)
(465, 300, 7, 4)
(465, 300, 7, 5)
(465, 300, 7, 6)
(465, 300, 7, 7)
(465, 300, 8, 3)
(465, 300, 8, 4)
(465, 300, 8, 5)
(465, 300, 8, 6)
(465, 300, 8, 7)
(465, 300, 9, 3)
(465, 300, 9, 4)
(465, 300, 9, 5)
(465, 300, 9, 6)
(465, 300, 10, 3)
(465, 300, 10, 4)
(465, 300, 10, 5)
(465, 300, 11, 3)
(465, 300, 11, 4)
(465, 300, 12, 3)
(465, 300, 12, 4)
(465, 350, 6, 4)
(465, 350, 6, 5)
(465, 350, 7, 4)
(465, 350, 7, 5)
(465, 350, 8, 3)
(465, 350, 8, 4)
(465, 350, 8, 5)
(465, 350, 8, 6)
(465, 350, 9, 3)
(465, 350, 9, 4)
(465, 350, 9, 5)
(465, 350, 9, 6)
(465, 350, 10, 3)
(465, 350, 10, 4)
(465, 350, 10, 5)
(465, 350, 11, 3)
(465, 350, 11, 4)
(465, 350, 12, 4)
(535, 0, 4, 2)
(535, 0, 4, 3)
(535, 0, 4, 4)
(535, 0, 4, 5)
(535, 0, 5, 2)
(535, 0, 5, 3)
(535, 0, 5, 4)
(535, 0, 5, 5)
(535, 0, 5, 6)
(535, 0, 6, 2)
(535, 0, 6, 3)
(535, 0, 6, 4)
(535, 0, 6, 5)
(535, 0, 7, 2)
(535, 0, 7, 3)
(535, 0, 7, 4)
(535, 0, 7, 6)
(535, 0, 7, 7)
(535, 0, 7, 8)
(535, 0, 8, 2)
(535, 0, 8, 3)
(535, 0, 8, 4)
(535, 0, 8, 5)
(535, 0, 8, 6)
(535, 0, 9, 2)
(535, 0, 9, 3)
(535, 0, 9, 4)
(535, 0, 9, 5)
(535, 0, 10, 2)
(535, 0, 10, 3)
(535, 0, 10, 4)
(535, 0, 11, 2)
(535, 0, 11, 3)
(535, 0, 12, 2)
(535, 0, 12, 3)
(535, 0, 13, 2)
(535, 0, 13, 3)
(535, 0, 14, 2)
(535, 0, 15, 2)
(535, 50, 4, 2)
(535, 50, 4, 3)
(535, 50, 4, 4)
(535, 50, 4, 5)
(535, 50, 5, 2)
(535, 50, 5, 3)
(535, 50, 5, 4)
(535, 50, 5, 5)
(535, 50, 5, 6)
(535, 50, 6, 2)
(535, 50, 6, 3)
(535, 50, 6, 4)
(535, 50, 6, 5)
(535, 50, 6, 6)
(535, 50, 7, 2)
(535, 50, 7, 3)
(535, 50, 7, 4)
(535, 50, 7, 5)
(535, 50, 7, 6)
(535, 50, 8, 2)
(535, 50, 8, 3)
(535, 50, 8, 4)
(535, 50, 8, 5)
(535, 50, 9, 2)
(535, 50, 9, 3)
(535, 50, 9, 4)
(535, 50, 10, 2)
(535, 50, 10, 3)
(535, 50, 10, 4)
(535, 50, 11, 2)
(535, 50, 11, 3)
(535, 50, 12, 2)
(535, 50, 12, 3)
(535, 50, 13, 2)
(535, 50, 13, 3)
(535, 50, 14, 2)
(535, 50, 15, 2)
(535, 100, 4, 2)
(535, 100, 4, 3)
(535, 100, 4, 4)
(535, 100, 4, 5)
(535, 100, 5, 2)
(535, 100, 5, 3)
(535, 100, 5, 4)
(535, 100, 5, 5)
(535, 100, 5, 6)
(535, 100, 6, 2)
(535, 100, 6, 3)
(535, 100, 6, 4)
(535, 100, 6, 5)
(535, 100, 6, 6)
(535, 100, 6, 7)
(535, 100, 7, 2)
(535, 100, 7, 3)
(535, 100, 7, 4)
(535, 100, 7, 5)
(535, 100, 7, 6)
(535, 100, 7, 7)
(535, 100, 8, 2)
(535, 100, 8, 3)
(535, 100, 8, 4)
(535, 100, 8, 5)
(535, 100, 9, 2)
(535, 100, 9, 3)
(535, 100, 9, 4)
(535, 100, 10, 2)
(535, 100, 10, 3)
(535, 100, 11, 2)
(535, 100, 11, 3)
(535, 100, 12, 2)
(535, 100, 12, 3)
(535, 100, 13, 2)
(535, 100, 14, 2)
(535, 100, 15, 2)
(535, 150, 4, 2)
(535, 150, 4, 3)
(535, 150, 4, 4)
(535, 150, 5, 2)
(535, 150, 5, 3)
(535, 150, 5, 4)
(535, 150, 5, 5)
(535, 150, 5, 6)
(535, 150, 6, 2)
(535, 150, 6, 3)
(535, 150, 6, 4)
(535, 150, 6, 5)
(535, 150, 6, 7)
(535, 150, 7, 2)
(535, 150, 7, 3)
(535, 150, 7, 4)
(535, 150, 7, 5)
(535, 150, 8, 2)
(535, 150, 8, 3)
(535, 150, 8, 4)
(535, 150, 9, 2)
(535, 150, 9, 3)
(535, 150, 10, 2)
(535, 150, 10, 3)
(535, 150, 11, 2)
(535, 150, 11, 3)
(535, 150, 12, 2)
(535, 150, 13, 2)
(535, 200, 4, 3)
(535, 200, 4, 4)
(535, 200, 5, 3)
(535, 200, 5, 4)
(535, 200, 5, 5)
(535, 200, 6, 2)
(535, 200, 6, 3)
(535, 200, 6, 4)
(535, 200, 6, 5)
(535, 200, 6, 6)
(535, 200, 7, 2)
(535, 200, 7, 3)
(535, 200, 7, 4)
(535, 200, 7, 5)
(535, 200, 8, 2)
(535, 200, 8, 3)
(535, 200, 8, 4)
(535, 200, 9, 2)
(535, 200, 9, 3)
(535, 200, 10, 2)
(535, 200, 10, 3)
(535, 200, 11, 2)
(535, 250, 5, 3)
(535, 250, 5, 4)
(535, 250, 6, 3)
(535, 250, 6, 4)
(535, 250, 6, 5)
(535, 250, 6, 6)
(535, 250, 7, 3)
(535, 250, 7, 4)
(535, 250, 7, 5)
(535, 250, 8, 3)
(535, 250, 9, 3)
(535, 250, 10, 3)
(535, 300, 6, 4)
(535, 300, 6, 5)
(535, 300, 7, 3)
(535, 300, 7, 4)
(535, 300, 7, 5)
(535, 300, 8, 3)
(535, 300, 9, 3)
(535, 350, 7, 5)
(540, 0, 4, 2)
(540, 0, 4, 3)
(540, 0, 4, 4)
(540, 0, 4, 5)
(540, 0, 5, 2)
(540, 0, 5, 3)
(540, 0, 5, 4)
(540, 0, 5, 5)
(540, 0, 5, 6)
(540, 0, 6, 2)
(540, 0, 6, 3)
(540, 0, 6, 4)
(540, 0, 6, 7)
(540, 0, 7, 2)
(540, 0, 7, 3)
(540, 0, 7, 4)
(540, 0, 7, 6)
(540, 0, 8, 2)
(540, 0, 8, 3)
(540, 0, 8, 4)
(540, 0, 9, 2)
(540, 0, 9, 3)
(540, 0, 9, 4)
(540, 0, 10, 2)
(540, 0, 10, 3)
(540, 0, 10, 4)
(540, 0, 11, 2)
(540, 0, 11, 3)
(540, 0, 12, 2)
(540, 0, 12, 3)
(540, 0, 13, 2)
(540, 0, 14, 2)
(540, 0, 15, 2)
(540, 50, 4, 2)
(540, 50, 4, 3)
(540, 50, 4, 4)
(540, 50, 4, 5)
(540, 50, 5, 2)
(540, 50, 5, 3)
(540, 50, 5, 4)
(540, 50, 5, 5)
(540, 50, 5, 6)
(540, 50, 6, 2)
(540, 50, 6, 3)
(540, 50, 6, 4)
(540, 50, 6, 6)
(540, 50, 6, 7)
(540, 50, 7, 2)
(540, 50, 7, 3)
(540, 50, 7, 4)
(540, 50, 7, 6)
(540, 50, 8, 2)
(540, 50, 8, 3)
(540, 50, 8, 4)
(540, 50, 9, 2)
(540, 50, 9, 3)
(540, 50, 9, 4)
(540, 50, 10, 2)
(540, 50, 10, 3)
(540, 50, 11, 2)
(540, 50, 11, 3)
(540, 50, 12, 2)
(540, 50, 12, 3)
(540, 50, 13, 2)
(540, 50, 14, 2)
(540, 50, 15, 2)
(540, 100, 4, 2)
(540, 100, 4, 3)
(540, 100, 4, 4)
(540, 100, 5, 2)
(540, 100, 5, 3)
(540, 100, 5, 4)
(540, 100, 5, 5)
(540, 100, 5, 6)
(540, 100, 6, 2)
(540, 100, 6, 3)
(540, 100, 6, 4)
(540, 100, 6, 5)
(540, 100, 6, 6)
(540, 100, 6, 7)
(540, 100, 7, 2)
(540, 100, 7, 3)
(540, 100, 7, 4)
(540, 100, 8, 2)
(540, 100, 8, 3)
(540, 100, 8, 4)
(540, 100, 9, 2)
(540, 100, 9, 3)
(540, 100, 9, 4)
(540, 100, 10, 2)
(540, 100, 10, 3)
(540, 100, 11, 2)
(540, 100, 11, 3)
(540, 100, 12, 2)
(540, 100, 13, 2)
(540, 100, 14, 2)
(540, 100, 15, 2)
(540, 150, 4, 2)
(540, 150, 4, 3)
(540, 150, 4, 4)
(540, 150, 5, 2)
(540, 150, 5, 3)
(540, 150, 5, 4)
(540, 150, 5, 5)
(540, 150, 6, 2)
(540, 150, 6, 3)
(540, 150, 6, 4)
(540, 150, 6, 5)
(540, 150, 6, 6)
(540, 150, 7, 2)
(540, 150, 7, 3)
(540, 150, 7, 4)
(540, 150, 7, 5)
(540, 150, 8, 2)
(540, 150, 8, 3)
(540, 150, 8, 4)
(540, 150, 9, 2)
(540, 150, 9, 3)
(540, 150, 10, 2)
(540, 150, 10, 3)
(540, 150, 11, 2)
(540, 150, 12, 2)
(540, 200, 4, 3)
(540, 200, 4, 4)
(540, 200, 5, 3)
(540, 200, 5, 4)
(540, 200, 5, 5)
(540, 200, 6, 2)
(540, 200, 6, 3)
(540, 200, 6, 4)
(540, 200, 6, 5)
(540, 200, 6, 6)
(540, 200, 7, 2)
(540, 200, 7, 3)
(540, 200, 7, 4)
(540, 200, 7, 5)
(540, 200, 8, 2)
(540, 200, 8, 3)
(540, 200, 8, 4)
(540, 200, 9, 2)
(540, 200, 9, 3)
(540, 200, 10, 2)
(540, 200, 10, 3)
(540, 200, 11, 2)
(540, 250, 5, 3)
(540, 250, 5, 4)
(540, 250, 5, 5)
(540, 250, 6, 3)
(540, 250, 6, 4)
(540, 250, 6, 5)
(540, 250, 7, 3)
(540, 250, 7, 4)
(540, 250, 7, 5)
(540, 250, 7, 6)
(540, 250, 7, 7)
(540, 250, 8, 3)
(540, 250, 8, 4)
(540, 250, 9, 3)
(540, 300, 6, 4)
(540, 300, 6, 5)
(540, 300, 7, 3)
(540, 300, 7, 4)
(540, 300, 7, 5)
(540, 300, 8, 3)
(540, 300, 8, 4)
(540, 300, 9, 3)
(540, 350, 8, 4)
