(470, 0, 4, 2)
(470, 0, 4, 3)
(470, 0, 4, 4)
(470, 0, 4, 5)
(470, 0, 5, 2)
(470, 0, 5, 3)
(470, 0, 5, 4)
(470, 0, 5, 5)
(470, 0, 5, 6)
(470, 0, 5, 7)
(470, 0, 6, 2)
(470, 0, 6, 3)
(470, 0, 6, 4)
(470, 0, 6, 5)
(470, 0, 6, 6)
(470, 0, 6, 7)
(470, 0, 7, 2)
(470, 0, 7, 3)
(470, 0, 7, 4)
(470, 0, 7, 5)
(470, 0, 7, 6)
(470, 0, 7, 7)
(470, 0, 7, 8)
(470, 0, 8, 2)
(470, 0, 8, 3)
(470, 0, 8, 4)
(470, 0, 8, 5)
(470, 0, 8, 6)
(470, 0, 8, 7)
(470, 0, 9, 2)
(470, 0, 9, 3)
(470, 0, 9, 4)
(470, 0, 9, 5)
(470, 0, 9, 6)
(470, 0, 9, 7)
(470, 0, 10, 2)
(470, 0, 10, 3)
(470, 0, 10, 4)
(470, 0, 10, 5)
(470, 0, 10, 6)
(470, 0, 11, 2)
(470, 0, 11, 3)
(470, 0, 11, 4)
(470, 0, 11, 5)
(470, 0, 12, 2)
(470, 0, 12, 3)
(470, 0, 12, 4)
(470, 0, 13, 2)
(470, 0, 13, 3)
(470, 0, 13, 4)
(470, 0, 14, 2)
(470, 0, 14, 3)
(470, 0, 14, 4)
(470, 0, 15, 2)
(470, 0, 15, 3)
(470, 0, 15, 4)
(470, 50, 4, 2)
(470, 50, 4, 3)
(470, 50, 4, 4)
(470, 50, 4, 5)
(470, 50, 5, 2)
(470, 50, 5, 3)
(470, 50, 5, 4)
(470, 50, 5, 5)
(470, 50, 5, 6)
(470, 50, 6, 2)
(470, 50, 6, 3)
(470, 50, 6, 4)
(470, 50, 6, 5)
(470, 50, 6, 6)
(470, 50, 6, 7)
(470, 50, 7, 2)
(470, 50, 7, 3)
(470, 50, 7, 4)
(470, 50, 7, 5)
(470, 50, 7, 6)
(470, 50, 7, 7)
(470, 50, 7, 8)
(470, 50, 8, 2)
(470, 50, 8, 3)
(470, 50, 8, 4)
(470, 50, 8, 5)
(470, 50, 8, 6)
(470, 50, 8, 7)
(470, 50, 8, 9)
(470, 50, 9, 2)
(470, 50, 9, 3)
(470, 50, 9, 4)
(470, 50, 9, 5)
(470, 50, 9, 6)
(470, 50, 9, 7)
(470, 50, 9, 8)
(470, 50, 10, 2)
(470, 50, 10, 3)
(470, 50, 10, 4)
(470, 50, 10, 5)
(470, 50, 10, 6)
(470, 50, 11, 2)
(470, 50, 11, 3)
(470, 50, 11, 4)
(470, 50, 11, 5)
(470, 50, 12, 2)
(470, 50, 12, 3)
(470, 50, 12, 4)
(470, 50, 13, 2)
(470, 50, 13, 3)
(470, 50, 13, 4)
(470, 50, 14, 2)
(470, 50, 14, 3)
(470, 50, 14, 4)
(470, 50, 15, 2)
(470, 50, 15, 3)
(470, 100, 4, 2)
(470, 100, 4, 3)
(470, 100, 4, 4)
(470, 100, 4, 5)
(470, 100, 5, 2)
(470, 100, 5, 3)
(470, 100, 5, 4)
(470, 100, 5, 5)
(470, 100, 5, 6)
(470, 100, 6, 2)
(470, 100, 6, 3)
(470, 100, 6, 4)
(470, 100, 6, 5)
(470, 100, 6, 6)
(470, 100, 6, 7)
(470, 100, 7, 2)
(470, 100, 7, 3)
(470, 100, 7, 4)
(470, 100, 7, 5)
(470, 100, 7, 6)
(470, 100, 7, 7)
(470, 100, 7, 8)
(470, 100, 8, 2)
(470, 100, 8, 3)
(470, 100, 8, 4)
(470, 100, 8, 5)
(470, 100, 8, 6)
(470, 100, 8, 7)
(470, 100, 9, 2)
(470, 100, 9, 3)
(470, 100, 9, 4)
(470, 100, 9, 5)
(470, 100, 9, 6)
(470, 100, 9, 7)
(470, 100, 10, 2)
(470, 100, 10, 3)
(470, 100, 10, 4)
(470, 100, 10, 5)
(470, 100, 10, 6)
(470, 100, 11, 2)
(470, 100, 11, 3)
(470, 100, 11, 4)
(470, 100, 11, 5)
(470, 100, 12, 2)
(470, 100, 12, 3)
(470, 100, 12, 4)
(470, 100, 13, 2)
(470, 100, 13, 3)
(470, 100, 13, 4)
(470, 100, 14, 2)
(470, 100, 14, 3)
(470, 100, 15, 2)
(470, 100, 15, 3)
(470, 150, 4, 2)
(470, 150, 4, 3)
(470, 150, 4, 4)
(470, 150, 4, 5)
(470, 150, 5, 2)
(470, 150, 5, 3)
(470, 150, 5, 4)
(470, 150, 5, 5)
(470, 150, 5, 6)
(470, 150, 6, 2)
(470, 150, 6, 3)
(470, 150, 6, 4)
(470, 150, 6, 5)
(470, 150, 6, 6)
(470, 150, 6, 7)
(470, 150, 7, 2)
(470, 150, 7, 3)
(470, 150, 7, 4)
(470, 150, 7, 5)
(470, 150, 7, 6)
(470, 150, 7, 7)
(470, 150, 7, 8)
(470, 150, 8, 2)
(470, 150, 8, 3)
(470, 150, 8, 4)
(470, 150, 8, 5)
(470, 150, 8, 6)
(470, 150, 8, 7)
(470, 150, 8, 8)
(470, 150, 9, 2)
(470, 150, 9, 3)
(470, 150, 9, 4)
(470, 150, 9, 5)
(470, 150, 9, 6)
(470, 150, 9, 7)
(470, 150, 10, 2)
(470, 150, 10, 3)
(470, 150, 10, 4)
(470, 150, 10, 5)
(470, 150, 11, 2)
(470, 150, 11, 3)
(470, 150, 11, 4)
(470, 150, 11, 5)
(470, 150, 12, 2)
(470, 150, 12, 3)
(470, 150, 12, 4)
(470, 150, 13, 2)
(470, 150, 13, 3)
(470, 150, 14, 2)
(470, 150, 14, 3)
(470, 150, 15, 2)
(470, 150, 15, 3)
(470, 200, 4, 3)
(470, 200, 4, 4)
(470, 200, 5, 2)
(470, 200, 5, 3)
(470, 200, 5, 4)
(470, 200, 5, 5)
(470, 200, 5, 6)
(470, 200, 6, 2)
(470, 200, 6, 3)
(470, 200, 6, 4)
(470, 200, 6, 5)
(470, 200, 6, 6)
(470, 200, 7, 2)
(470, 200, 7, 3)
(470, 200, 7, 4)
(470, 200, 7, 5)
(470, 200, 7, 6)
(470, 200, 7, 7)
(470, 200, 8, 2)
(470, 200, 8, 3)
(470, 200, 8, 4)
(470, 200, 8, 5)
(470, 200, 8, 6)
(470, 200, 9, 2)
(470, 200, 9, 3)
(470, 200, 9, 4)
(470, 200, 9, 5)
(470, 200, 9, 6)
(470, 200, 9, 7)
(470, 200, 10, 2)
(470, 200, 10, 3)
(470, 200, 10, 4)
(470, 200, 10, 5)
(470, 200, 11, 2)
(470, 200, 11, 3)
(470, 200, 11, 4)
(470, 200, 11, 5)
(470, 200, 12, 2)
(470, 200, 12, 3)
(470, 200, 12, 4)
(470, 200, 13, 2)
(470, 200, 13, 3)
(470, 200, 14, 3)
(470, 250, 5, 3)
(470, 250, 5, 4)
(470, 250, 5, 5)
(470, 250, 6, 3)
(470, 250, 6, 4)
(470, 250, 6, 5)
(470, 250, 6, 6)
(470, 250, 7, 3)
(470, 250, 7, 4)
(470, 250, 7, 5)
(470, 250, 7, 6)
(470, 250, 7, 7)
(470, 250, 8, 3)
(470, 250, 8, 4)
(470, 250, 8, 5)
(470, 250, 8, 6)
(470, 250, 8, 7)
(470, 250, 9, 3)
(470, 250, 9, 4)
(470, 250, 9, 5)
(470, 250, 9, 6)
(470, 250, 10, 2)
(470, 250, 10, 3)
(470, 250, 10, 4)
(470, 250, 10, 5)
(470, 250, 11, 3)
(470, 250, 11, 4)
(470, 250, 12, 3)
(470, 250, 12, 4)
(470, 250, 13, 3)
(470, 300, 5, 3)
(470, 300, 5, 4)
(470, 300, 6, 3)
(470, 300, 6, 4)
(470, 300, 6, 5)
(470, 300, 6, 6)
(470, 300, 7, 3)
(470, 300, 7, 4)
(470, 300, 7, 5)
(470, 300, 7, 6)
(470, 300, 7, 7)
(470, 300, 8, 3)
(470, 300, 8, 4)
(470, 300, 8, 5)
(470, 300, 8, 6)
(470, 300, 8, 7)
(470, 300, 9, 3)
(470, 300, 9, 4)
(470, 300, 9, 5)
(470, 300, 9, 6)
(470, 300, 10, 3)
(470, 300, 10, 4)
(470, 300, 10, 5)
(470, 300, 11, 3)
(470, 300, 11, 4)
(470, 300, 12, 3)
(470, 300, 12, 4)
(470, 350, 6, 4)
(470, 350, 6, 5)
(470, 350, 7, 3)
(470, 350, 7, 4)
(470, 350, 7, 5)
(470, 350, 7, 6)
(470, 350, 8, 3)
(470, 350, 8, 4)
(470, 350, 8, 5)
(470, 350, 8, 6)
(470, 350, 8, 7)
(470, 350, 9, 4)
(470, 350, 9, 5)
(470, 350, 10, 4)
(470, 350, 10, 5)
(470, 350, 11, 3)
(470, 350, 11, 4)
(470, 350, 12, 4)
(475, 0, 4, 2)
(475, 0, 4, 3)
(475, 0, 4, 4)
(475, 0, 4, 5)
(475, 0, 5, 2)
(475, 0, 5, 3)
(475, 0, 5, 4)
(475, 0, 5, 5)
(475, 0, 5, 6)
(475, 0, 6, 2)
(475, 0, 6, 3)
(475, 0, 6, 4)
(475, 0, 6, 5)
(475, 0, 6, 6)
(475, 0, 6, 7)
(475, 0, 7, 2)
(475, 0, 7, 3)
(475, 0, 7, 4)
(475, 0, 7, 5)
(475, 0, 7, 6)
(475, 0, 7, 7)
(475, 0, 7, 8)
(475, 0, 8, 2)
(475, 0, 8, 3)
(475, 0, 8, 4)
(475, 0, 8, 5)
(475, 0, 8, 6)
(475, 0, 8, 7)
(475, 0, 8, 8)
(475, 0, 8, 9)
(475, 0, 9, 2)
(475, 0, 9, 3)
(475, 0, 9, 4)
(475, 0, 9, 5)
(475, 0, 9, 6)
(475, 0, 10, 2)
(475, 0, 10, 3)
(475, 0, 10, 4)
(475, 0, 10, 5)
(475, 0, 10, 6)
(475, 0, 11, 2)
(475, 0, 11, 3)
(475, 0, 11, 4)
(475, 0, 11, 5)
(475, 0, 12, 2)
(475, 0, 12, 3)
(475, 0, 12, 4)
(475, 0, 13, 2)
(475, 0, 13, 3)
(475, 0, 13, 4)
(475, 0, 14, 2)
(475, 0, 14, 3)
(475, 0, 14, 4)
(475, 0, 15, 2)
(475, 0, 15, 3)
(475, 0, 15, 4)
(475, 50, 4, 2)
(475, 50, 4, 3)
(475, 50, 4, 4)
(475, 50, 4, 5)
(475, 50, 5, 2)
(475, 50, 5, 3)
(475, 50, 5, 4)
(475, 50, 5, 5)
(475, 50, 5, 6)
(475, 50, 6, 2)
(475, 50, 6, 3)
(475, 50, 6, 4)
(475, 50, 6, 5)
(475, 50, 6, 6)
(475, 50, 6, 7)
(475, 50, 7, 2)
(475, 50, 7, 3)
(475, 50, 7, 4)
(475, 50, 7, 5)
(475, 50, 7, 6)
(475, 50, 7, 7)
(475, 50, 7, 8)
(475, 50, 8, 2)
(475, 50, 8, 3)
(475, 50, 8, 4)
(475, 50, 8, 5)
(475, 50, 8, 6)
(475, 50, 8, 7)
(475, 50, 8, 8)
(475, 50, 8, 9)
(475, 50, 9, 2)
(475, 50, 9, 3)
(475, 50, 9, 4)
(475, 50, 9, 5)
(475, 50, 9, 6)
(475, 50, 9, 7)
(475, 50, 10, 2)
(475, 50, 10, 3)
(475, 50, 10, 4)
(475, 50, 10, 5)
(475, 50, 10, 6)
(475, 50, 11, 2)
(475, 50, 11, 3)
(475, 50, 11, 4)
(475, 50, 11, 5)
(475, 50, 12, 2)
(475, 50, 12, 3)
(475, 50, 12, 4)
(475, 50, 13, 2)
(475, 50, 13, 3)
(475, 50, 13, 4)
(475, 50, 14, 2)
(475, 50, 14, 3)
(475, 50, 14, 4)
(475, 50, 15, 2)
(475, 50, 15, 3)
(475, 100, 4, 2)
(475, 100, 4, 3)
(475, 100, 4, 4)
(475, 100, 4, 5)
(475, 100, 5, 2)
(475, 100, 5, 3)
(475, 100, 5, 4)
(475, 100, 5, 5)
(475, 100, 5, 6)
(475, 100, 6, 2)
(475, 100, 6, 3)
(475, 100, 6, 4)
(475, 100, 6, 5)
(475, 100, 6, 6)
(475, 100, 6, 7)
(475, 100, 7, 2)
(475, 100, 7, 3)
(475, 100, 7, 4)
(475, 100, 7, 5)
(475, 100, 7, 6)
(475, 100, 7, 7)
(475, 100, 7, 8)
(475, 100, 8, 2)
(475, 100, 8, 3)
(475, 100, 8, 4)
(475, 100, 8, 5)
(475, 100, 8, 6)
(475, 100, 8, 7)
(475, 100, 8, 8)
(475, 100, 8, 9)
(475, 100, 9, 2)
(475, 100, 9, 3)
(475, 100, 9, 4)
(475, 100, 9, 5)
(475, 100, 9, 6)
(475, 100, 9, 7)
(475, 100, 10, 2)
(475, 100, 10, 3)
(475, 100, 10, 4)
(475, 100, 10, 5)
(475, 100, 10, 6)
(475, 100, 11, 2)
(475, 100, 11, 3)
(475, 100, 11, 4)
(475, 100, 11, 5)
(475, 100, 12, 2)
(475, 100, 12, 3)
(475, 100, 12, 4)
(475, 100, 13, 2)
(475, 100, 13, 3)
(475, 100, 13, 4)
(475, 100, 14, 2)
(475, 100, 14, 3)
(475, 100, 15, 2)
(475, 100, 15, 3)
(475, 150, 4, 2)
(475, 150, 4, 3)
(475, 150, 4, 4)
(475, 150, 4, 5)
(475, 150, 5, 2)
(475, 150, 5, 3)
(475, 150, 5, 4)
(475, 150, 5, 5)
(475, 150, 6, 2)
(475, 150, 6, 3)
(475, 150, 6, 4)
(475, 150, 6, 5)
(475, 150, 6, 6)
(475, 150, 6, 7)
(475, 150, 7, 2)
(475, 150, 7, 3)
(475, 150, 7, 4)
(475, 150, 7, 5)
(475, 150, 7, 6)
(475, 150, 7, 7)
(475, 150, 7, 8)
(475, 150, 8, 2)
(475, 150, 8, 3)
(475, 150, 8, 4)
(475, 150, 8, 5)
(475, 150, 8, 6)
(475, 150, 8, 7)
(475, 150, 8, 8)
(475, 150, 9, 2)
(475, 150, 9, 3)
(475, 150, 9, 4)
(475, 150, 9, 5)
(475, 150, 9, 6)
(475, 150, 10, 2)
(475, 150, 10, 3)
(475, 150, 10, 4)
(475, 150, 10, 5)
(475, 150, 10, 6)
(475, 150, 11, 2)
(475, 150, 11, 3)
(475, 150, 11, 4)
(475, 150, 11, 5)
(475, 150, 12, 2)
(475, 150, 12, 3)
(475, 150, 12, 4)
(475, 150, 13, 2)
(475, 150, 13, 3)
(475, 150, 13, 4)
(475, 150, 14, 2)
(475, 150, 14, 3)
(475, 150, 15, 2)
(475, 150, 15, 3)
(475, 200, 4, 3)
(475, 200, 4, 4)
(475, 200, 5, 2)
(475, 200, 5, 3)
(475, 200, 5, 4)
(475, 200, 5, 5)
(475, 200, 6, 2)
(475, 200, 6, 3)
(475, 200, 6, 4)
(475, 200, 6, 5)
(475, 200, 6, 6)
(475, 200, 6, 7)
(475, 200, 7, 2)
(475, 200, 7, 3)
(475, 200, 7, 4)
(475, 200, 7, 5)
(475, 200, 7, 6)
(475, 200, 7, 7)
(475, 200, 8, 2)
(475, 200, 8, 3)
(475, 200, 8, 4)
(475, 200, 8, 5)
(475, 200, 8, 6)
(475, 200, 8, 7)
(475, 200, 9, 2)
(475, 200, 9, 3)
(475, 200, 9, 4)
(475, 200, 9, 5)
(475, 200, 9, 6)
(475, 200, 10, 2)
(475, 200, 10, 3)
(475, 200, 10, 4)
(475, 200, 10, 5)
(475, 200, 10, 6)
(475, 200, 11, 2)
(475, 200, 11, 3)
(475, 200, 11, 4)
(475, 200, 11, 5)
(475, 200, 12, 2)
(475, 200, 12, 3)
(475, 200, 12, 4)
(475, 200, 13, 2)
(475, 200, 13, 3)
(475, 200, 14, 3)
(475, 250, 5, 3)
(475, 250, 5, 4)
(475, 250, 5, 5)
(475, 250, 6, 3)
(475, 250, 6, 4)
(475, 250, 6, 5)
(475, 250, 6, 6)
(475, 250, 7, 3)
(475, 250, 7, 4)
(475, 250, 7, 5)
(475, 250, 7, 6)
(475, 250, 8, 2)
(475, 250, 8, 3)
(475, 250, 8, 4)
(475, 250, 8, 5)
(475, 250, 8, 6)
(475, 250, 8, 7)
(475, 250, 8, 8)
(475, 250, 9, 2)
(475, 250, 9, 3)
(475, 250, 9, 4)
(475, 250, 9, 5)
(475, 250, 9, 6)
(475, 250, 10, 2)
(475, 250, 10, 3)
(475, 250, 10, 4)
(475, 250, 10, 5)
(475, 250, 11, 3)
(475, 250, 11, 4)
(475, 250, 12, 3)
(475, 250, 12, 4)
(475, 250, 13, 3)
(475, 300, 5, 3)
(475, 300, 5, 4)
(475, 300, 6, 3)
(475, 300, 6, 4)
(475, 300, 6, 5)
(475, 300, 6, 6)
(475, 300, 7, 3)
(475, 300, 7, 4)
(475, 300, 7, 5)
(475, 300, 7, 6)
(475, 300, 7, 7)
(475, 300, 8, 3)
(475, 300, 8, 4)
(475, 300, 8, 5)
(475, 300, 8, 6)
(475, 300, 8, 7)
(475, 300, 9, 3)
(475, 300, 9, 4)
(475, 300, 9, 5)
(475, 300, 9, 6)
(475, 300, 10, 3)
(475, 300, 10, 4)
(475, 300, 10, 5)
(475, 300, 11, 3)
(475, 300, 11, 4)
(475, 300, 12, 3)
(475, 300, 12, 4)
(475, 350, 6, 4)
(475, 350, 6, 5)
(475, 350, 7, 3)
(475, 350, 7, 4)
(475, 350, 7, 5)
(475, 350, 7, 6)
(475, 350, 8, 3)
(475, 350, 8, 4)
(475, 350, 8, 5)
(475, 350, 8, 6)
(475, 350, 8, 7)
(475, 350, 9, 3)
(475, 350, 9, 4)
(475, 350, 9, 5)
(475, 350, 9, 6)
(475, 350, 10, 3)
(475, 350, 10, 4)
(475, 350, 10, 5)
(475, 350, 11, 3)
(475, 350, 11, 4)
(475, 350, 12, 4)
(480, 0, 4, 2)
(480, 0, 4, 3)
(480, 0, 4, 4)
(480, 0, 4, 5)
(480, 0, 5, 2)
(480, 0, 5, 3)
(480, 0, 5, 4)
(480, 0, 5, 5)
(480, 0, 5, 6)
(480, 0, 6, 2)
(480, 0, 6, 3)
(480, 0, 6, 4)
(480, 0, 6, 5)
(480, 0, 6, 6)
(480, 0, 6, 7)
(480, 0, 7, 2)
(480, 0, 7, 3)
(480, 0, 7, 4)
(480, 0, 7, 5)
(480, 0, 7, 6)
(480, 0, 7, 7)
(480, 0, 8, 2)
(480, 0, 8, 3)
(480, 0, 8, 4)
(480, 0, 8, 5)
(480, 0, 8, 6)
(480, 0, 8, 7)
(480, 0, 8, 8)
(480, 0, 8, 9)
(480, 0, 9, 2)
(480, 0, 9, 3)
(480, 0, 9, 4)
(480, 0, 9, 5)
(480, 0, 9, 6)
(480, 0, 9, 7)
(480, 0, 10, 2)
(480, 0, 10, 3)
(480, 0, 10, 4)
(480, 0, 10, 5)
(480, 0, 10, 6)
(480, 0, 11, 2)
(480, 0, 11, 3)
(480, 0, 11, 4)
(480, 0, 11, 5)
(480, 0, 12, 2)
(480, 0, 12, 3)
(480, 0, 12, 4)
(480, 0, 13, 2)
(480, 0, 13, 3)
(480, 0, 13, 4)
(480, 0, 14, 2)
(480, 0, 14, 3)
(480, 0, 14, 4)
(480, 0, 15, 2)
(480, 0, 15, 3)
(480, 0, 15, 4)
(480, 50, 4, 2)
(480, 50, 4, 3)
(480, 50, 4, 4)
(480, 50, 4, 5)
(480, 50, 5, 2)
(480, 50, 5, 3)
(480, 50, 5, 4)
(480, 50, 5, 5)
(480, 50, 5, 6)
(480, 50, 6, 2)
(480, 50, 6, 3)
(480, 50, 6, 4)
(480, 50, 6, 5)
(480, 50, 6, 6)
(480, 50, 6, 7)
(480, 50, 7, 2)
(480, 50, 7, 3)
(480, 50, 7, 4)
(480, 50, 7, 5)
(480, 50, 7, 6)
(480, 50, 7, 7)
(480, 50, 7, 8)
(480, 50, 8, 2)
(480, 50, 8, 3)
(480, 50, 8, 4)
(480, 50, 8, 5)
(480, 50, 8, 6)
(480, 50, 8, 7)
(480, 50, 8, 8)
(480, 50, 9, 2)
(480, 50, 9, 3)
(480, 50, 9, 4)
(480, 50, 9, 5)
(480, 50, 9, 6)
(480, 50, 9, 7)
(480, 50, 10, 2)
(480, 50, 10, 3)
(480, 50, 10, 4)
(480, 50, 10, 5)
(480, 50, 10, 6)
(480, 50, 11, 2)
(480, 50, 11, 3)
(480, 50, 11, 4)
(480, 50, 11, 5)
(480, 50, 12, 2)
(480, 50, 12, 3)
(480, 50, 12, 4)
(480, 50, 13, 2)
(480, 50, 13, 3)
(480, 50, 13, 4)
(480, 50, 14, 2)
(480, 50, 14, 3)
(480, 50, 14, 4)
(480, 50, 15, 2)
(480, 50, 15, 3)
(480, 100, 4, 2)
(480, 100, 4, 3)
(480, 100, 4, 4)
(480, 100, 4, 5)
(480, 100, 5, 2)
(480, 100, 5, 3)
(480, 100, 5, 4)
(480, 100, 5, 5)
(480, 100, 5, 6)
(480, 100, 6, 2)
(480, 100, 6, 3)
(480, 100, 6, 4)
(480, 100, 6, 5)
(480, 100, 6, 6)
(480, 100, 6, 7)
(480, 100, 7, 2)
(480, 100, 7, 3)
(480, 100, 7, 4)
(480, 100, 7, 5)
(480, 100, 7, 6)
(480, 100, 7, 7)
(480, 100, 7, 8)
(480, 100, 8, 2)
(480, 100, 8, 3)
(480, 100, 8, 4)
(480, 100, 8, 5)
(480, 100, 8, 6)
(480, 100, 8, 7)
(480, 100, 9, 2)
(480, 100, 9, 3)
(480, 100, 9, 4)
(480, 100, 9, 5)
(480, 100, 9, 6)
(480, 100, 9, 7)
(480, 100, 10, 2)
(480, 100, 10, 3)
(480, 100, 10, 4)
(480, 100, 10, 5)
(480, 100, 10, 6)
(480, 100, 11, 2)
(480, 100, 11, 3)
(480, 100, 11, 4)
(480, 100, 11, 5)
(480, 100, 12, 2)
(480, 100, 12, 3)
(480, 100, 12, 4)
(480, 100, 13, 2)
(480, 100, 13, 3)
(480, 100, 13, 4)
(480, 100, 14, 2)
(480, 100, 14, 3)
(480, 100, 15, 2)
(480, 100, 15, 3)
(480, 150, 4, 2)
(480, 150, 4, 3)
(480, 150, 4, 4)
(480, 150, 4, 5)
(480, 150, 5, 2)
(480, 150, 5, 3)
(480, 150, 5, 4)
(480, 150, 5, 5)
(480, 150, 5, 6)
(480, 150, 6, 2)
(480, 150, 6, 3)
(480, 150, 6, 4)
(480, 150, 6, 5)
(480, 150, 6, 6)
(480, 150, 6, 7)
(480, 150, 7, 2)
(480, 150, 7, 3)
(480, 150, 7, 4)
(480, 150, 7, 5)
(480, 150, 7, 6)
(480, 150, 7, 7)
(480, 150, 8, 2)
(480, 150, 8, 3)
(480, 150, 8, 4)
(480, 150, 8, 5)
(480, 150, 8, 6)
(480, 150, 8, 7)
(480, 150, 8, 8)
(480, 150, 9, 2)
(480, 150, 9, 3)
(480, 150, 9, 4)
(480, 150, 9, 5)
(480, 150, 9, 6)
(480, 150, 10, 2)
(480, 150, 10, 3)
(480, 150, 10, 4)
(480, 150, 10, 5)
(480, 150, 10, 6)
(480, 150, 11, 2)
(480, 150, 11, 3)
(480, 150, 11, 4)
(480, 150, 11, 5)
(480, 150, 12, 2)
(480, 150, 12, 3)
(480, 150, 12, 4)
(480, 150, 13, 2)
(480, 150, 13, 3)
(480, 150, 13, 4)
(480, 150, 14, 2)
(480, 150, 14, 3)
(480, 150, 15, 2)
(480, 150, 15, 3)
(480, 200, 4, 3)
(480, 200, 4, 4)
(480, 200, 5, 2)
(480, 200, 5, 3)
(480, 200, 5, 4)
(480, 200, 5, 5)
(480, 200, 6, 2)
(480, 200, 6, 3)
(480, 200, 6, 4)
(480, 200, 6, 5)
(480, 200, 6, 6)
(480, 200, 7, 2)
(480, 200, 7, 3)
(480, 200, 7, 4)
(480, 200, 7, 5)
(480, 200, 7, 6)
(480, 200, 7, 7)
(480, 200, 7, 8)
(480, 200, 8, 2)
(480, 200, 8, 3)
(480, 200, 8, 4)
(480, 200, 8, 5)
(480, 200, 8, 6)
(480, 200, 8, 7)
(480, 200, 8, 8)
(480, 200, 9, 2)
(480, 200, 9, 3)
(480, 200, 9, 4)
(480, 200, 9, 5)
(480, 200, 9, 6)
(480, 200, 10, 2)
(480, 200, 10, 3)
(480, 200, 10, 4)
(480, 200, 10, 5)
(480, 200, 11, 2)
(480, 200, 11, 3)
(480, 200, 11, 4)
(480, 200, 11, 5)
(480, 200, 12, 2)
(480, 200, 12, 3)
(480, 200, 12, 4)
(480, 200, 13, 2)
(480, 200, 13, 3)
(480, 200, 14, 3)
(480, 250, 5, 3)
(480, 250, 5, 4)
(480, 250, 5, 5)
(480, 250, 6, 3)
(480, 250, 6, 4)
(480, 250, 6, 5)
(480, 250, 6, 6)
(480, 250, 7, 3)
(480, 250, 7, 4)
(480, 250, 7, 5)
(480, 250, 7, 6)
(480, 250, 7, 7)
(480, 250, 8, 3)
(480, 250, 8, 4)
(480, 250, 8, 5)
(480, 250, 8, 6)
(480, 250, 8, 7)
(480, 250, 9, 3)
(480, 250, 9, 4)
(480, 250, 9, 5)
(480, 250, 9, 6)
(480, 250, 10, 3)
(480, 250, 10, 4)
(480, 250, 10, 5)
(480, 250, 11, 3)
(480, 250, 11, 4)
(480, 250, 12, 3)
(480, 250, 12, 4)
(480, 250, 13, 3)
(480, 300, 5, 3)
(480, 300, 5, 4)
(480, 300, 6, 3)
(480, 300, 6, 4)
(480, 300, 6, 5)
(480, 300, 6, 6)
(480, 300, 7, 3)
(480, 300, 7, 4)
(480, 300, 7, 5)
(480, 300, 7, 6)
(480, 300, 7, 7)
(480, 300, 8, 3)
(480, 300, 8, 4)
(480, 300, 8, 5)
(480, 300, 8, 6)
(480, 300, 9, 3)
(480, 300, 9, 4)
(480, 300, 9, 5)
(480, 300, 9, 6)
(480, 300, 10, 3)
(480, 300, 10, 4)
(480, 300, 10, 5)
(480, 300, 11, 3)
(480, 300, 11, 4)
(480, 300, 12, 3)
(480, 300, 12, 4)
(480, 350, 6, 4)
(480, 350, 6, 5)
(480, 350, 7, 3)
(480, 350, 7, 4)
(480, 350, 7, 5)
(480, 350, 7, 6)
(480, 350, 8, 3)
(480, 350, 8, 4)
(480, 350, 8, 5)
(480, 350, 8, 6)
(480, 350, 8, 7)
(480, 350, 9, 4)
(480, 350, 9, 5)
(480, 350, 9, 6)
(480, 350, 10, 4)
(480, 350, 10, 5)
(480, 350, 11, 3)
(480, 350, 11, 4)
(480, 350, 12, 4)
(520, 0, 4, 2)
(520, 0, 4, 3)
(520, 0, 4, 4)
(520, 0, 4, 5)
(520, 0, 5, 2)
(520, 0, 5, 3)
(520, 0, 5, 4)
(520, 0, 5, 5)
(520, 0, 5, 6)
(520, 0, 6, 2)
(520, 0, 6, 3)
(520, 0, 6, 4)
(520, 0, 6, 5)
(520, 0, 6, 6)
(520, 0, 6, 7)
(520, 0, 7, 2)
(520, 0, 7, 3)
(520, 0, 7, 4)
(520, 0, 7, 5)
(520, 0, 7, 6)
(520, 0, 7, 7)
(520, 0, 7, 8)
(520, 0, 8, 2)
(520, 0, 8, 3)
(520, 0, 8, 4)
(520, 0, 8, 5)
(520, 0, 8, 6)
(520, 0, 8, 7)
(520, 0, 9, 2)
(520, 0, 9, 3)
(520, 0, 9, 4)
(520, 0, 9, 5)
(520, 0, 9, 6)
(520, 0, 10, 2)
(520, 0, 10, 3)
(520, 0, 10, 4)
(520, 0, 10, 5)
(520, 0, 11, 2)
(520, 0, 11, 3)
(520, 0, 11, 4)
(520, 0, 11, 5)
(520, 0, 12, 2)
(520, 0, 12, 3)
(520, 0, 12, 4)
(520, 0, 13, 2)
(520, 0, 13, 3)
(520, 0, 13, 4)
(520, 0, 14, 2)
(520, 0, 14, 3)
(520, 0, 15, 2)
(520, 0, 15, 3)
(520, 50, 4, 2)
(520, 50, 4, 3)
(520, 50, 4, 4)
(520, 50, 4, 5)
(520, 50, 5, 2)
(520, 50, 5, 3)
(520, 50, 5, 4)
(520, 50, 5, 5)
(520, 50, 5, 6)
(520, 50, 6, 2)
(520, 50, 6, 3)
(520, 50, 6, 4)
(520, 50, 6, 5)
(520, 50, 6, 6)
(520, 50, 6, 7)
(520, 50, 7, 2)
(520, 50, 7, 3)
(520, 50, 7, 4)
(520, 50, 7, 5)
(520, 50, 7, 6)
(520, 50, 7, 7)
(520, 50, 7, 8)
(520, 50, 8, 2)
(520, 50, 8, 3)
(520, 50, 8, 4)
(520, 50, 8, 5)
(520, 50, 8, 6)
(520, 50, 9, 2)
(520, 50, 9, 3)
(520, 50, 9, 4)
(520, 50, 9, 5)
(520, 50, 9, 6)
(520, 50, 10, 2)
(520, 50, 10, 3)
(520, 50, 10, 4)
(520, 50, 10, 5)
(520, 50, 11, 2)
(520, 50, 11, 3)
(520, 50, 11, 4)
(520, 50, 11, 5)
(520, 50, 12, 2)
(520, 50, 12, 3)
(520, 50, 12, 4)
(520, 50, 13, 2)
(520, 50, 13, 3)
(520, 50, 13, 4)
(520, 50, 14, 2)
(520, 50, 14, 3)
(520, 50, 15, 2)
(520, 50, 15, 3)
(520, 100, 4, 2)
(520, 100, 4, 3)
(520, 100, 4, 4)
(520, 100, 4, 5)
(520, 100, 5, 2)
(520, 100, 5, 3)
(520, 100, 5, 4)
(520, 100, 5, 5)
(520, 100, 6, 2)
(520, 100, 6, 3)
(520, 100, 6, 4)
(520, 100, 6, 5)
(520, 100, 6, 6)
(520, 100, 6, 7)
(520, 100, 7, 2)
(520, 100, 7, 3)
(520, 100, 7, 4)
(520, 100, 7, 5)
(520, 100, 7, 6)
(520, 100, 7, 7)
(520, 100, 7, 8)
(520, 100, 8, 2)
(520, 100, 8, 3)
(520, 100, 8, 4)
(520, 100, 8, 5)
(520, 100, 8, 6)
(520, 100, 9, 2)
(520, 100, 9, 3)
(520, 100, 9, 4)
(520, 100, 9, 5)
(520, 100, 10, 2)
(520, 100, 10, 3)
(520, 100, 10, 4)
(520, 100, 10, 5)
(520, 100, 11, 2)
(520, 100, 11, 3)
(520, 100, 11, 4)
(520, 100, 11, 5)
(520, 100, 12, 2)
(520, 100, 12, 3)
(520, 100, 12, 4)
(520, 100, 13, 2)
(520, 100, 13, 3)
(520, 100, 14, 2)
(520, 100, 14, 3)
(520, 100, 15, 2)
(520, 100, 15, 3)
(520, 150, 4, 2)
(520, 150, 4, 3)
(520, 150, 4, 4)
(520, 150, 5, 2)
(520, 150, 5, 3)
(520, 150, 5, 4)
(520, 150, 5, 5)
(520, 150, 5, 6)
(520, 150, 6, 2)
(520, 150, 6, 3)
(520, 150, 6, 4)
(520, 150, 6, 5)
(520, 150, 6, 6)
(520, 150, 6, 7)
(520, 150, 7, 2)
(520, 150, 7, 3)
(520, 150, 7, 4)
(520, 150, 7, 5)
(520, 150, 7, 6)
(520, 150, 7, 7)
(520, 150, 7, 8)
(520, 150, 8, 2)
(520, 150, 8, 3)
(520, 150, 8, 4)
(520, 150, 8, 5)
(520, 150, 8, 6)
(520, 150, 9, 2)
(520, 150, 9, 3)
(520, 150, 9, 4)
(520, 150, 9, 5)
(520, 150, 9, 6)
(520, 150, 10, 2)
(520, 150, 10, 3)
(520, 150, 10, 4)
(520, 150, 11, 2)
(520, 150, 11, 3)
(520, 150, 11, 4)
(520, 150, 12, 2)
(520, 150, 12, 3)
(520, 150, 13, 2)
(520, 150, 13, 3)
(520, 150, 14, 2)
(520, 150, 14, 3)
(520, 150, 15, 2)
(520, 200, 4, 3)
(520, 200, 4, 4)
(520, 200, 5, 3)
(520, 200, 5, 4)
(520, 200, 5, 5)
(520, 200, 5, 6)
(520, 200, 6, 2)
(520, 200, 6, 3)
(520, 200, 6, 4)
(520, 200, 6, 5)
(520, 200, 6, 6)
(520, 200, 6, 7)
(520, 200, 7, 2)
(520, 200, 7, 3)
(520, 200, 7, 4)
(520, 200, 7, 5)
(520, 200, 7, 7)
(520, 200, 7, 8)
(520, 200, 8, 2)
(520, 200, 8, 3)
(520, 200, 8, 4)
(520, 200, 8, 5)
(520, 200, 8, 6)
(520, 200, 9, 2)
(520, 200, 9, 3)
(520, 200, 9, 4)
(520, 200, 9, 5)
(520, 200, 9, 6)
(520, 200, 10, 2)
(520, 200, 10, 3)
(520, 200, 10, 4)
(520, 200, 11, 2)
(520, 200, 11, 3)
(520, 200, 11, 4)
(520, 200, 12, 2)
(520, 200, 13, 2)
(520, 200, 14, 2)
(520, 200, 15, 2)
(520, 250, 5, 3)
(520, 250, 5, 4)
(520, 250, 6, 3)
(520, 250, 6, 4)
(520, 250, 6, 5)
(520, 250, 6, 6)
(520, 250, 7, 3)
(520, 250, 7, 4)
(520, 250, 7, 5)
(520, 250, 7, 6)
(520, 250, 7, 7)
(520, 250, 8, 3)
(520, 250, 8, 4)
(520, 250, 8, 5)
(520, 250, 9, 3)
(520, 250, 9, 5)
(520, 250, 10, 3)
(520, 300, 5, 4)
(520, 300, 6, 4)
(520, 300, 6, 5)
(520, 300, 6, 6)
(520, 300, 7, 3)
(520, 300, 7, 4)
(520, 300, 7, 5)
(520, 300, 7, 6)
(520, 300, 7, 7)
(520, 300, 8, 3)
(520, 300, 8, 4)
(520, 300, 9, 3)
(520, 350, 7, 4)
(520, 350, 7, 5)
(520, 350, 8, 4)
(525, 0, 4, 2)
(525, 0, 4, 3)
(525, 0, 4, 4)
(525, 0, 4, 5)
(525, 0, 5, 2)
(525, 0, 5, 3)
(525, 0, 5, 4)
(525, 0, 5, 5)
(525, 0, 5, 6)
(525, 0, 6, 2)
(525, 0, 6, 3)
(525, 0, 6, 4)
(525, 0, 6, 5)
(525, 0, 6, 6)
(525, 0, 6, 7)
(525, 0, 7, 2)
(525, 0, 7, 3)
(525, 0, 7, 4)
(525, 0, 7, 5)
(525, 0, 7, 6)
(525, 0, 7, 7)
(525, 0, 8, 2)
(525, 0, 8, 3)
(525, 0, 8, 4)
(525, 0, 8, 5)
(525, 0, 8, 6)
(525, 0, 8, 7)
(525, 0, 9, 2)
(525, 0, 9, 3)
(525, 0, 9, 4)
(525, 0, 9, 5)
(525, 0, 10, 2)
(525, 0, 10, 3)
(525, 0, 10, 4)
(525, 0, 10, 5)
(525, 0, 11, 2)
(525, 0, 11, 3)
(525, 0, 11, 4)
(525, 0, 12, 2)
(525, 0, 12, 3)
(525, 0, 12, 4)
(525, 0, 13, 2)
(525, 0, 13, 3)
(525, 0, 14, 2)
(525, 0, 14, 3)
(525, 0, 15, 2)
(525, 0, 15, 3)
(525, 50, 4, 2)
(525, 50, 4, 3)
(525, 50, 4, 4)
(525, 50, 4, 5)
(525, 50, 5, 2)
(525, 50, 5, 3)
(525, 50, 5, 4)
(525, 50, 5, 5)
(525, 50, 5, 6)
(525, 50, 6, 2)
(525, 50, 6, 3)
(525, 50, 6, 4)
(525, 50, 6, 5)
(525, 50, 6, 6)
(525, 50, 6, 7)
(525, 50, 7, 2)
(525, 50, 7, 3)
(525, 50, 7, 4)
(525, 50, 7, 5)
(525, 50, 7, 6)
(525, 50, 8, 2)
(525, 50, 8, 3)
(525, 50, 8, 4)
(525, 50, 8, 5)
(525, 50, 8, 6)
(525, 50, 8, 7)
(525, 50, 8, 8)
(525, 50, 9, 2)
(525, 50, 9, 3)
(525, 50, 9, 4)
(525, 50, 9, 5)
(525, 50, 9, 6)
(525, 50, 10, 2)
(525, 50, 10, 3)
(525, 50, 10, 4)
(525, 50, 10, 5)
(525, 50, 11, 2)
(525, 50, 11, 3)
(525, 50, 11, 4)
(525, 50, 12, 2)
(525, 50, 12, 3)
(525, 50, 12, 4)
(525, 50, 13, 2)
(525, 50, 13, 3)
(525, 50, 14, 2)
(525, 50, 14, 3)
(525, 50, 15, 2)
(525, 50, 15, 3)
(525, 100, 4, 2)
(525, 100, 4, 3)
(525, 100, 4, 4)
(525, 100, 4, 5)
(525, 100, 5, 2)
(525, 100, 5, 3)
(525, 100, 5, 4)
(525, 100, 5, 5)
(525, 100, 5, 6)
(525, 100, 6, 2)
(525, 100, 6, 3)
(525, 100, 6, 4)
(525, 100, 6, 5)
(525, 100, 6, 6)
(525, 100, 6, 7)
(525, 100, 7, 2)
(525, 100, 7, 3)
(525, 100, 7, 4)
(525, 100, 7, 5)
(525, 100, 7, 6)
(525, 100, 7, 7)
(525, 100, 7, 8)
(525, 100, 8, 2)
(525, 100, 8, 3)
(525, 100, 8, 4)
(525, 100, 8, 5)
(525, 100, 8, 6)
(525, 100, 8, 7)
(525, 100, 9, 2)
(525, 100, 9, 3)
(525, 100, 9, 4)
(525, 100, 9, 5)
(525, 100, 9, 6)
(525, 100, 10, 2)
(525, 100, 10, 3)
(525, 100, 10, 4)
(525, 100, 10, 5)
(525, 100, 11, 2)
(525, 100, 11, 3)
(525, 100, 11, 4)
(525, 100, 12, 2)
(525, 100, 12, 3)
(525, 100, 13, 2)
(525, 100, 13, 3)
(525, 100, 14, 2)
(525, 100, 14, 3)
(525, 100, 15, 2)
(525, 100, 15, 3)
(525, 150, 4, 2)
(525, 150, 4, 3)
(525, 150, 4, 4)
(525, 150, 4, 5)
(525, 150, 5, 2)
(525, 150, 5, 3)
(525, 150, 5, 4)
(525, 150, 5, 5)
(525, 150, 5, 6)
(525, 150, 6, 2)
(525, 150, 6, 3)
(525, 150, 6, 4)
(525, 150, 6, 5)
(525, 150, 6, 6)
(525, 150, 6, 7)
(525, 150, 7, 2)
(525, 150, 7, 3)
(525, 150, 7, 4)
(525, 150, 7, 5)
(525, 150, 7, 6)
(525, 150, 8, 2)
(525, 150, 8, 3)
(525, 150, 8, 4)
(525, 150, 8, 5)
(525, 150, 9, 2)
(525, 150, 9, 3)
(525, 150, 10, 2)
(525, 150, 10, 3)
(525, 150, 11, 2)
(525, 150, 11, 3)
(525, 150, 12, 2)
(525, 150, 13, 2)
(525, 150, 14, 2)
(525, 150, 15, 2)
(525, 200, 4, 3)
(525, 200, 4, 4)
(525, 200, 5, 3)
(525, 200, 5, 4)
(525, 200, 5, 5)
(525, 200, 5, 6)
(525, 200, 6, 2)
(525, 200, 6, 3)
(525, 200, 6, 4)
(525, 200, 6, 5)
(525, 200, 6, 6)
(525, 200, 7, 2)
(525, 200, 7, 3)
(525, 200, 7, 4)
(525, 200, 7, 7)
(525, 200, 8, 2)
(525, 200, 8, 3)
(525, 200, 8, 4)
(525, 200, 9, 2)
(525, 200, 9, 3)
(525, 200, 10, 2)
(525, 200, 10, 3)
(525, 200, 11, 2)
(525, 200, 12, 2)
(525, 250, 5, 3)
(525, 250, 5, 4)
(525, 250, 5, 5)
(525, 250, 6, 3)
(525, 250, 6, 4)
(525, 250, 6, 5)
(525, 250, 6, 6)
(525, 250, 7, 3)
(525, 250, 7, 4)
(525, 250, 7, 5)
(525, 250, 7, 6)
(525, 250, 8, 3)
(525, 250, 8, 4)
(525, 250, 9, 3)
(525, 250, 10, 3)
(525, 300, 6, 4)
(525, 300, 6, 5)
(525, 300, 7, 3)
(525, 300, 7, 4)
(525, 300, 7, 5)
(525, 300, 8, 3)
(525, 300, 8, 4)
(525, 300, 9, 3)
(525, 350, 7, 4)
(525, 350, 8, 4)
(530, 0, 4, 2)
(530, 0, 4, 3)
(530, 0, 4, 4)
(530, 0, 4, 5)
(530, 0, 5, 2)
(530, 0, 5, 3)
(530, 0, 5, 4)
(530, 0, 5, 5)
(530, 0, 5, 6)
(530, 0, 6, 2)
(530, 0, 6, 3)
(530, 0, 6, 4)
(530, 0, 6, 5)
(530, 0, 6, 6)
(530, 0, 6, 7)
(530, 0, 7, 2)
(530, 0, 7, 3)
(530, 0, 7, 4)
(530, 0, 7, 5)
(530, 0, 8, 2)
(530, 0, 8, 3)
(530, 0, 8, 4)
(530, 0, 8, 5)
(530, 0, 9, 2)
(530, 0, 9, 3)
(530, 0, 9, 4)
(530, 0, 10, 2)
(530, 0, 10, 3)
(530, 0, 10, 4)
(530, 0, 11, 2)
(530, 0, 11, 3)
(530, 0, 11, 4)
(530, 0, 12, 2)
(530, 0, 12, 3)
(530, 0, 13, 2)
(530, 0, 13, 3)
(530, 0, 14, 2)
(530, 0, 14, 3)
(530, 0, 15, 2)
(530, 0, 15, 3)
(530, 50, 4, 2)
(530, 50, 4, 3)
(530, 50, 4, 4)
(530, 50, 4, 5)
(530, 50, 5, 2)
(530, 50, 5, 3)
(530, 50, 5, 4)
(530, 50, 5, 5)
(530, 50, 5, 6)
(530, 50, 6, 2)
(530, 50, 6, 3)
(530, 50, 6, 4)
(530, 50, 6, 5)
(530, 50, 6, 6)
(530, 50, 6, 7)
(530, 50, 7, 2)
(530, 50, 7, 3)
(530, 50, 7, 4)
(530, 50, 7, 5)
(530, 50, 7, 6)
(530, 50, 7, 7)
(530, 50, 7, 8)
(530, 50, 8, 2)
(530, 50, 8, 3)
(530, 50, 8, 4)
(530, 50, 8, 5)
(530, 50, 8, 6)
(530, 50, 9, 2)
(530, 50, 9, 3)
(530, 50, 9, 4)
(530, 50, 9, 5)
(530, 50, 10, 2)
(530, 50, 10, 3)
(530, 50, 10, 4)
(530, 50, 11, 2)
(530, 50, 11, 3)
(530, 50, 12, 2)
(530, 50, 12, 3)
(530, 50, 13, 2)
(530, 50, 13, 3)
(530, 50, 14, 2)
(530, 50, 14, 3)
(530, 50, 15, 2)
(530, 100, 4, 2)
(530, 100, 4, 3)
(530, 100, 4, 4)
(530, 100, 4, 5)
(530, 100, 5, 2)
(530, 100, 5, 3)
(530, 100, 5, 4)
(530, 100, 5, 5)
(530, 100, 5, 6)
(530, 100, 6, 2)
(530, 100, 6, 3)
(530, 100, 6, 4)
(530, 100, 6, 5)
(530, 100, 6, 6)
(530, 100, 6, 7)
(530, 100, 7, 2)
(530, 100, 7, 3)
(530, 100, 7, 4)
(530, 100, 7, 5)
(530, 100, 7, 6)
(530, 100, 8, 2)
(530, 100, 8, 3)
(530, 100, 8, 4)
(530, 100, 8, 5)
(530, 100, 9, 2)
(530, 100, 9, 3)
(530, 100, 9, 4)
(530, 100, 9, 5)
(530, 100, 10, 2)
(530, 100, 10, 3)
(530, 100, 10, 4)
(530, 100, 11, 2)
(530, 100, 11, 3)
(530, 100, 12, 2)
(530, 100, 12, 3)
(530, 100, 13, 2)
(530, 100, 13, 3)
(530, 100, 14, 2)
(530, 100, 15, 2)
(530, 150, 4, 2)
(530, 150, 4, 3)
(530, 150, 4, 4)
(530, 150, 5, 2)
(530, 150, 5, 3)
(530, 150, 5, 4)
(530, 150, 5, 5)
(530, 150, 5, 6)
(530, 150, 6, 2)
(530, 150, 6, 3)
(530, 150, 6, 4)
(530, 150, 6, 5)
(530, 150, 6, 7)
(530, 150, 7, 2)
(530, 150, 7, 3)
(530, 150, 7, 4)
(530, 150, 7, 5)
(530, 150, 8, 2)
(530, 150, 8, 3)
(530, 150, 8, 4)
(530, 150, 9, 2)
(530, 150, 9, 3)
(530, 150, 9, 4)
(530, 150, 10, 2)
(530, 150, 10, 3)
(530, 150, 11, 2)
(530, 150, 11, 3)
(530, 150, 12, 2)
(530, 150, 13, 2)
(530, 150, 14, 2)
(530, 200, 4, 3)
(530, 200, 4, 4)
(530, 200, 5, 3)
(530, 200, 5, 4)
(530, 200, 5, 5)
(530, 200, 5, 6)
(530, 200, 6, 2)
(530, 200, 6, 3)
(530, 200, 6, 4)
(530, 200, 6, 5)
(530, 200, 7, 2)
(530, 200, 7, 3)
(530, 200, 7, 4)
(530, 200, 7, 5)
(530, 200, 8, 2)
(530, 200, 8, 3)
(530, 200, 8, 4)
(530, 200, 9, 2)
(530, 200, 9, 3)
(530, 200, 10, 2)
(530, 200, 10, 3)
(530, 200, 11, 2)
(530, 250, 5, 3)
(530, 250, 5, 4)
(530, 250, 6, 3)
(530, 250, 6, 4)
(530, 250, 6, 5)
(530, 250, 7, 3)
(530, 250, 7, 4)
(530, 250, 7, 5)
(530, 250, 8, 3)
(530, 250, 8, 4)
(530, 250, 9, 3)
(530, 250, 10, 3)
(530, 300, 6, 4)
(530, 300, 6, 5)
(530, 300, 7, 3)
(530, 300, 7, 4)
(530, 300, 7, 5)
(530, 300, 8, 3)
(530, 300, 8, 4)
(530, 300, 9, 3)
(530, 350, 7, 4)
(530, 350, 7, 5)
(530, 350, 8, 4)
