(485, 0, 4, 2)
(485, 0, 4, 3)
(485, 0, 4, 4)
(485, 0, 4, 5)
(485, 0, 5, 2)
(485, 0, 5, 3)
(485, 0, 5, 4)
(485, 0, 5, 5)
(485, 0, 5, 6)
(485, 0, 6, 2)
(485, 0, 6, 3)
(485, 0, 6, 4)
(485, 0, 6, 5)
(485, 0, 6, 6)
(485, 0, 6, 7)
(485, 0, 7, 2)
(485, 0, 7, 3)
(485, 0, 7, 4)
(485, 0, 7, 5)
(485, 0, 7, 6)
(485, 0, 7, 7)
(485, 0, 7, 8)
(485, 0, 8, 2)
(485, 0, 8, 3)
(485, 0, 8, 4)
(485, 0, 8, 5)
(485, 0, 8, 6)
(485, 0, 8, 7)
(485, 0, 8, 8)
(485, 0, 8, 9)
(485, 0, 9, 2)
(485, 0, 9, 3)
(485, 0, 9, 4)
(485, 0, 9, 5)
(485, 0, 9, 6)
(485, 0, 9, 7)
(485, 0, 9, 8)
(485, 0, 9, 9)
(485, 0, 10, 2)
(485, 0, 10, 3)
(485, 0, 10, 4)
(485, 0, 10, 5)
(485, 0, 10, 6)
(485, 0, 10, 7)
(485, 0, 11, 2)
(485, 0, 11, 3)
(485, 0, 11, 4)
(485, 0, 11, 5)
(485, 0, 11, 6)
(485, 0, 11, 7)
(485, 0, 12, 2)
(485, 0, 12, 3)
(485, 0, 12, 4)
(485, 0, 12, 5)
(485, 0, 13, 2)
(485, 0, 13, 3)
(485, 0, 13, 4)
(485, 0, 13, 5)
(485, 0, 14, 2)
(485, 0, 14, 3)
(485, 0, 14, 4)
(485, 0, 15, 2)
(485, 0, 15, 3)
(485, 0, 15, 4)
(485, 50, 4, 2)
(485, 50, 4, 3)
(485, 50, 4, 4)
(485, 50, 4, 5)
(485, 50, 5, 2)
(485, 50, 5, 3)
(485, 50, 5, 4)
(485, 50, 5, 5)
(485, 50, 5, 6)
(485, 50, 6, 2)
(485, 50, 6, 3)
(485, 50, 6, 4)
(485, 50, 6, 5)
(485, 50, 6, 6)
(485, 50, 6, 7)
(485, 50, 7, 2)
(485, 50, 7, 3)
(485, 50, 7, 4)
(485, 50, 7, 5)
(485, 50, 7, 6)
(485, 50, 7, 7)
(485, 50, 7, 8)
(485, 50, 8, 2)
(485, 50, 8, 3)
(485, 50, 8, 4)
(485, 50, 8, 5)
(485, 50, 8, 6)
(485, 50, 8, 7)
(485, 50, 8, 8)
(485, 50, 8, 9)
(485, 50, 9, 2)
(485, 50, 9, 3)
(485, 50, 9, 4)
(485, 50, 9, 5)
(485, 50, 9, 6)
(485, 50, 9, 7)
(485, 50, 9, 8)
(485, 50, 9, 9)
(485, 50, 9, 10)
(485, 50, 10, 2)
(485, 50, 10, 3)
(485, 50, 10, 4)
(485, 50, 10, 5)
(485, 50, 10, 6)
(485, 50, 10, 7)
(485, 50, 11, 2)
(485, 50, 11, 3)
(485, 50, 11, 4)
(485, 50, 11, 5)
(485, 50, 11, 6)
(485, 50, 12, 2)
(485, 50, 12, 3)
(485, 50, 12, 4)
(485, 50, 12, 5)
(485, 50, 13, 2)
(485, 50, 13, 3)
(485, 50, 13, 4)
(485, 50, 13, 5)
(485, 50, 14, 2)
(485, 50, 14, 3)
(485, 50, 14, 4)
(485, 50, 15, 2)
(485, 50, 15, 3)
(485, 50, 15, 4)
(485, 100, 4, 2)
(485, 100, 4, 3)
(485, 100, 4, 4)
(485, 100, 4, 5)
(485, 100, 5, 2)
(485, 100, 5, 3)
(485, 100, 5, 4)
(485, 100, 5, 5)
(485, 100, 5, 6)
(485, 100, 6, 2)
(485, 100, 6, 3)
(485, 100, 6, 4)
(485, 100, 6, 5)
(485, 100, 6, 6)
(485, 100, 6, 7)
(485, 100, 7, 2)
(485, 100, 7, 3)
(485, 100, 7, 4)
(485, 100, 7, 5)
(485, 100, 7, 6)
(485, 100, 7, 7)
(485, 100, 7, 8)
(485, 100, 8, 2)
(485, 100, 8, 3)
(485, 100, 8, 4)
(485, 100, 8, 5)
(485, 100, 8, 6)
(485, 100, 8, 7)
(485, 100, 8, 8)
(485, 100, 9, 2)
(485, 100, 9, 3)
(485, 100, 9, 4)
(485, 100, 9, 5)
(485, 100, 9, 6)
(485, 100, 9, 7)
(485, 100, 9, 8)
(485, 100, 9, 9)
(485, 100, 10, 2)
(485, 100, 10, 3)
(485, 100, 10, 4)
(485, 100, 10, 5)
(485, 100, 10, 6)
(485, 100, 10, 7)
(485, 100, 11, 2)
(485, 100, 11, 3)
(485, 100, 11, 4)
(485, 100, 11, 5)
(485, 100, 11, 6)
(485, 100, 12, 2)
(485, 100, 12, 3)
(485, 100, 12, 4)
(485, 100, 12, 5)
(485, 100, 13, 2)
(485, 100, 13, 3)
(485, 100, 13, 4)
(485, 100, 13, 5)
(485, 100, 14, 2)
(485, 100, 14, 3)
(485, 100, 14, 4)
(485, 100, 15, 2)
(485, 100, 15, 3)
(485, 100, 15, 4)
(485, 150, 4, 2)
(485, 150, 4, 3)
(485, 150, 4, 4)
(485, 150, 4, 5)
(485, 150, 5, 2)
(485, 150, 5, 3)
(485, 150, 5, 4)
(485, 150, 5, 5)
(485, 150, 5, 6)
(485, 150, 6, 2)
(485, 150, 6, 3)
(485, 150, 6, 4)
(485, 150, 6, 5)
(485, 150, 6, 6)
(485, 150, 6, 7)
(485, 150, 7, 2)
(485, 150, 7, 3)
(485, 150, 7, 4)
(485, 150, 7, 5)
(485, 150, 7, 6)
(485, 150, 7, 7)
(485, 150, 7, 8)
(485, 150, 8, 2)
(485, 150, 8, 3)
(485, 150, 8, 4)
(485, 150, 8, 5)
(485, 150, 8, 6)
(485, 150, 8, 7)
(485, 150, 8, 8)
(485, 150, 9, 2)
(485, 150, 9, 3)
(485, 150, 9, 4)
(485, 150, 9, 5)
(485, 150, 9, 6)
(485, 150, 9, 7)
(485, 150, 10, 2)
(485, 150, 10, 3)
(485, 150, 10, 4)
(485, 150, 10, 5)
(485, 150, 10, 6)
(485, 150, 10, 7)
(485, 150, 11, 2)
(485, 150, 11, 3)
(485, 150, 11, 4)
(485, 150, 11, 5)
(485, 150, 11, 6)
(485, 150, 12, 2)
(485, 150, 12, 3)
(485, 150, 12, 4)
(485, 150, 12, 5)
(485, 150, 13, 2)
(485, 150, 13, 3)
(485, 150, 13, 4)
(485, 150, 14, 2)
(485, 150, 14, 3)
(485, 150, 14, 4)
(485, 150, 15, 2)
(485, 150, 15, 3)
(485, 200, 4, 3)
(485, 200, 4, 4)
(485, 200, 5, 2)
(485, 200, 5, 3)
(485, 200, 5, 4)
(485, 200, 5, 5)
(485, 200, 5, 6)
(485, 200, 6, 2)
(485, 200, 6, 3)
(485, 200, 6, 4)
(485, 200, 6, 5)
(485, 200, 6, 6)
(485, 200, 6, 7)
(485, 200, 7, 2)
(485, 200, 7, 3)
(485, 200, 7, 4)
(485, 200, 7, 5)
(485, 200, 7, 6)
(485, 200, 7, 7)
(485, 200, 7, 8)
(485, 200, 8, 2)
(485, 200, 8, 3)
(485, 200, 8, 4)
(485, 200, 8, 5)
(485, 200, 8, 6)
(485, 200, 8, 7)
(485, 200, 8, 8)
(485, 200, 9, 2)
(485, 200, 9, 3)
(485, 200, 9, 4)
(485, 200, 9, 5)
(485, 200, 9, 6)
(485, 200, 9, 7)
(485, 200, 9, 8)
(485, 200, 9, 9)
(485, 200, 10, 2)
(485, 200, 10, 3)
(485, 200, 10, 4)
(485, 200, 10, 5)
(485, 200, 10, 6)
(485, 200, 11, 2)
(485, 200, 11, 3)
(485, 200, 11, 4)
(485, 200, 11, 5)
(485, 200, 11, 6)
(485, 200, 12, 2)
(485, 200, 12, 3)
(485, 200, 12, 4)
(485, 200, 12, 5)
(485, 200, 13, 2)
(485, 200, 13, 3)
(485, 200, 13, 4)
(485, 200, 14, 3)
(485, 200, 14, 4)
(485, 200, 15, 3)
(485, 250, 5, 3)
(485, 250, 5, 4)
(485, 250, 5, 5)
(485, 250, 6, 3)
(485, 250, 6, 4)
(485, 250, 6, 5)
(485, 250, 6, 6)
(485, 250, 7, 3)
(485, 250, 7, 4)
(485, 250, 7, 5)
(485, 250, 7, 6)
(485, 250, 7, 7)
(485, 250, 8, 3)
(485, 250, 8, 4)
(485, 250, 8, 5)
(485, 250, 8, 6)
(485, 250, 8, 7)
(485, 250, 8, 8)
(485, 250, 9, 3)
(485, 250, 9, 4)
(485, 250, 9, 5)
(485, 250, 9, 6)
(485, 250, 9, 7)
(485, 250, 10, 3)
(485, 250, 10, 4)
(485, 250, 10, 5)
(485, 250, 10, 6)
(485, 250, 11, 3)
(485, 250, 11, 4)
(485, 250, 11, 5)
(485, 250, 12, 3)
(485, 250, 12, 4)
(485, 250, 12, 5)
(485, 250, 13, 3)
(485, 250, 13, 4)
(485, 250, 14, 3)
(485, 300, 5, 4)
(485, 300, 6, 3)
(485, 300, 6, 4)
(485, 300, 6, 5)
(485, 300, 6, 6)
(485, 300, 7, 3)
(485, 300, 7, 4)
(485, 300, 7, 5)
(485, 300, 7, 6)
(485, 300, 7, 7)
(485, 300, 8, 3)
(485, 300, 8, 4)
(485, 300, 8, 5)
(485, 300, 8, 6)
(485, 300, 8, 7)
(485, 300, 9, 3)
(485, 300, 9, 4)
(485, 300, 9, 5)
(485, 300, 9, 6)
(485, 300, 10, 3)
(485, 300, 10, 4)
(485, 300, 10, 5)
(485, 300, 10, 6)
(485, 300, 11, 3)
(485, 300, 11, 4)
(485, 300, 11, 5)
(485, 300, 12, 3)
(485, 300, 12, 4)
(485, 300, 13, 4)
(485, 350, 6, 4)
(485, 350, 6, 5)
(485, 350, 7, 4)
(485, 350, 7, 5)
(485, 350, 7, 6)
(485, 350, 8, 4)
(485, 350, 8, 5)
(485, 350, 8, 6)
(485, 350, 8, 7)
(485, 350, 9, 4)
(485, 350, 9, 5)
(485, 350, 9, 6)
(485, 350, 10, 4)
(485, 350, 10, 5)
(485, 350, 10, 6)
(485, 350, 11, 4)
(485, 350, 11, 5)
(485, 350, 12, 4)
(490, 0, 4, 2)
(490, 0, 4, 3)
(490, 0, 4, 4)
(490, 0, 4, 5)
(490, 0, 5, 2)
(490, 0, 5, 3)
(490, 0, 5, 4)
(490, 0, 5, 5)
(490, 0, 5, 6)
(490, 0, 6, 2)
(490, 0, 6, 3)
(490, 0, 6, 4)
(490, 0, 6, 5)
(490, 0, 6, 6)
(490, 0, 6, 7)
(490, 0, 7, 2)
(490, 0, 7, 3)
(490, 0, 7, 4)
(490, 0, 7, 5)
(490, 0, 7, 6)
(490, 0, 7, 7)
(490, 0, 7, 8)
(490, 0, 8, 2)
(490, 0, 8, 3)
(490, 0, 8, 4)
(490, 0, 8, 5)
(490, 0, 8, 6)
(490, 0, 8, 7)
(490, 0, 8, 8)
(490, 0, 8, 9)
(490, 0, 9, 2)
(490, 0, 9, 3)
(490, 0, 9, 4)
(490, 0, 9, 5)
(490, 0, 9, 6)
(490, 0, 9, 7)
(490, 0, 9, 8)
(490, 0, 9, 9)
(490, 0, 9, 10)
(490, 0, 10, 2)
(490, 0, 10, 3)
(490, 0, 10, 4)
(490, 0, 10, 5)
(490, 0, 10, 6)
(490, 0, 10, 7)
(490, 0, 10, 8)
(490, 0, 10, 9)
(490, 0, 11, 2)
(490, 0, 11, 3)
(490, 0, 11, 4)
(490, 0, 11, 5)
(490, 0, 11, 6)
(490, 0, 11, 7)
(490, 0, 11, 8)
(490, 0, 12, 2)
(490, 0, 12, 3)
(490, 0, 12, 4)
(490, 0, 12, 5)
(490, 0, 12, 6)
(490, 0, 12, 7)
(490, 0, 13, 2)
(490, 0, 13, 3)
(490, 0, 13, 4)
(490, 0, 13, 5)
(490, 0, 13, 6)
(490, 0, 14, 2)
(490, 0, 14, 3)
(490, 0, 14, 4)
(490, 0, 14, 5)
(490, 0, 15, 2)
(490, 0, 15, 3)
(490, 0, 15, 4)
(490, 0, 15, 5)
(490, 50, 4, 2)
(490, 50, 4, 3)
(490, 50, 4, 4)
(490, 50, 4, 5)
(490, 50, 5, 2)
(490, 50, 5, 3)
(490, 50, 5, 4)
(490, 50, 5, 5)
(490, 50, 5, 6)
(490, 50, 6, 2)
(490, 50, 6, 3)
(490, 50, 6, 4)
(490, 50, 6, 5)
(490, 50, 6, 6)
(490, 50, 6, 7)
(490, 50, 7, 2)
(490, 50, 7, 3)
(490, 50, 7, 4)
(490, 50, 7, 5)
(490, 50, 7, 6)
(490, 50, 7, 7)
(490, 50, 7, 8)
(490, 50, 8, 2)
(490, 50, 8, 3)
(490, 50, 8, 4)
(490, 50, 8, 5)
(490, 50, 8, 6)
(490, 50, 8, 7)
(490, 50, 8, 8)
(490, 50, 8, 9)
(490, 50, 9, 2)
(490, 50, 9, 3)
(490, 50, 9, 4)
(490, 50, 9, 5)
(490, 50, 9, 6)
(490, 50, 9, 7)
(490, 50, 9, 8)
(490, 50, 9, 9)
(490, 50, 9, 10)
(490, 50, 10, 2)
(490, 50, 10, 3)
(490, 50, 10, 4)
(490, 50, 10, 5)
(490, 50, 10, 6)
(490, 50, 10, 7)
(490, 50, 10, 8)
(490, 50, 10, 9)
(490, 50, 11, 2)
(490, 50, 11, 3)
(490, 50, 11, 4)
(490, 50, 11, 5)
(490, 50, 11, 6)
(490, 50, 11, 7)
(490, 50, 11, 8)
(490, 50, 12, 2)
(490, 50, 12, 3)
(490, 50, 12, 4)
(490, 50, 12, 5)
(490, 50, 12, 6)
(490, 50, 12, 7)
(490, 50, 13, 2)
(490, 50, 13, 3)
(490, 50, 13, 4)
(490, 50, 13, 5)
(490, 50, 13, 6)
(490, 50, 14, 2)
(490, 50, 14, 3)
(490, 50, 14, 4)
(490, 50, 14, 5)
(490, 50, 15, 2)
(490, 50, 15, 3)
(490, 50, 15, 4)
(490, 50, 15, 5)
(490, 100, 4, 2)
(490, 100, 4, 3)
(490, 100, 4, 4)
(490, 100, 4, 5)
(490, 100, 5, 2)
(490, 100, 5, 3)
(490, 100, 5, 4)
(490, 100, 5, 5)
(490, 100, 5, 6)
(490, 100, 6, 2)
(490, 100, 6, 3)
(490, 100, 6, 4)
(490, 100, 6, 5)
(490, 100, 6, 6)
(490, 100, 6, 7)
(490, 100, 7, 2)
(490, 100, 7, 3)
(490, 100, 7, 4)
(490, 100, 7, 5)
(490, 100, 7, 6)
(490, 100, 7, 7)
(490, 100, 7, 8)
(490, 100, 8, 2)
(490, 100, 8, 3)
(490, 100, 8, 4)
(490, 100, 8, 5)
(490, 100, 8, 6)
(490, 100, 8, 7)
(490, 100, 8, 8)
(490, 100, 8, 9)
(490, 100, 9, 2)
(490, 100, 9, 3)
(490, 100, 9, 4)
(490, 100, 9, 5)
(490, 100, 9, 6)
(490, 100, 9, 7)
(490, 100, 9, 8)
(490, 100, 9, 9)
(490, 100, 10, 2)
(490, 100, 10, 3)
(490, 100, 10, 4)
(490, 100, 10, 5)
(490, 100, 10, 6)
(490, 100, 10, 7)
(490, 100, 10, 8)
(490, 100, 11, 2)
(490, 100, 11, 3)
(490, 100, 11, 4)
(490, 100, 11, 5)
(490, 100, 11, 6)
(490, 100, 11, 7)
(490, 100, 11, 8)
(490, 100, 12, 2)
(490, 100, 12, 3)
(490, 100, 12, 4)
(490, 100, 12, 5)
(490, 100, 12, 6)
(490, 100, 12, 7)
(490, 100, 13, 2)
(490, 100, 13, 3)
(490, 100, 13, 4)
(490, 100, 13, 5)
(490, 100, 13, 6)
(490, 100, 14, 2)
(490, 100, 14, 3)
(490, 100, 14, 4)
(490, 100, 14, 5)
(490, 100, 15, 2)
(490, 100, 15, 3)
(490, 100, 15, 4)
(490, 100, 15, 5)
(490, 150, 4, 2)
(490, 150, 4, 3)
(490, 150, 4, 4)
(490, 150, 5, 2)
(490, 150, 5, 3)
(490, 150, 5, 4)
(490, 150, 5, 5)
(490, 150, 5, 6)
(490, 150, 6, 2)
(490, 150, 6, 3)
(490, 150, 6, 4)
(490, 150, 6, 5)
(490, 150, 6, 6)
(490, 150, 6, 7)
(490, 150, 7, 2)
(490, 150, 7, 3)
(490, 150, 7, 4)
(490, 150, 7, 5)
(490, 150, 7, 6)
(490, 150, 7, 7)
(490, 150, 7, 8)
(490, 150, 8, 2)
(490, 150, 8, 3)
(490, 150, 8, 4)
(490, 150, 8, 5)
(490, 150, 8, 6)
(490, 150, 8, 7)
(490, 150, 8, 8)
(490, 150, 8, 9)
(490, 150, 9, 2)
(490, 150, 9, 3)
(490, 150, 9, 4)
(490, 150, 9, 5)
(490, 150, 9, 6)
(490, 150, 9, 7)
(490, 150, 9, 8)
(490, 150, 9, 9)
(490, 150, 10, 2)
(490, 150, 10, 3)
(490, 150, 10, 4)
(490, 150, 10, 5)
(490, 150, 10, 6)
(490, 150, 10, 7)
(490, 150, 10, 8)
(490, 150, 10, 9)
(490, 150, 11, 2)
(490, 150, 11, 3)
(490, 150, 11, 4)
(490, 150, 11, 5)
(490, 150, 11, 6)
(490, 150, 11, 7)
(490, 150, 12, 2)
(490, 150, 12, 3)
(490, 150, 12, 4)
(490, 150, 12, 5)
(490, 150, 12, 6)
(490, 150, 13, 2)
(490, 150, 13, 3)
(490, 150, 13, 4)
(490, 150, 13, 5)
(490, 150, 14, 2)
(490, 150, 14, 3)
(490, 150, 14, 4)
(490, 150, 14, 5)
(490, 150, 15, 2)
(490, 150, 15, 3)
(490, 150, 15, 4)
(490, 200, 4, 3)
(490, 200, 4, 4)
(490, 200, 5, 2)
(490, 200, 5, 3)
(490, 200, 5, 4)
(490, 200, 5, 5)
(490, 200, 6, 2)
(490, 200, 6, 3)
(490, 200, 6, 4)
(490, 200, 6, 5)
(490, 200, 6, 6)
(490, 200, 7, 2)
(490, 200, 7, 3)
(490, 200, 7, 4)
(490, 200, 7, 5)
(490, 200, 7, 6)
(490, 200, 7, 7)
(490, 200, 8, 2)
(490, 200, 8, 3)
(490, 200, 8, 4)
(490, 200, 8, 5)
(490, 200, 8, 6)
(490, 200, 8, 7)
(490, 200, 8, 8)
(490, 200, 8, 9)
(490, 200, 9, 2)
(490, 200, 9, 3)
(490, 200, 9, 4)
(490, 200, 9, 5)
(490, 200, 9, 6)
(490, 200, 9, 7)
(490, 200, 9, 8)
(490, 200, 10, 2)
(490, 200, 10, 3)
(490, 200, 10, 4)
(490, 200, 10, 5)
(490, 200, 10, 6)
(490, 200, 10, 7)
(490, 200, 10, 8)
(490, 200, 11, 2)
(490, 200, 11, 3)
(490, 200, 11, 4)
(490, 200, 11, 5)
(490, 200, 11, 6)
(490, 200, 11, 7)
(490, 200, 12, 2)
(490, 200, 12, 3)
(490, 200, 12, 4)
(490, 200, 12, 5)
(490, 200, 12, 6)
(490, 200, 13, 2)
(490, 200, 13, 3)
(490, 200, 13, 4)
(490, 200, 13, 5)
(490, 200, 14, 2)
(490, 200, 14, 3)
(490, 200, 14, 4)
(490, 200, 14, 5)
(490, 200, 15, 3)
(490, 200, 15, 4)
(490, 250, 5, 3)
(490, 250, 5, 4)
(490, 250, 5, 5)
(490, 250, 6, 3)
(490, 250, 6, 4)
(490, 250, 6, 5)
(490, 250, 6, 6)
(490, 250, 7, 3)
(490, 250, 7, 4)
(490, 250, 7, 5)
(490, 250, 7, 6)
(490, 250, 7, 7)
(490, 250, 8, 3)
(490, 250, 8, 4)
(490, 250, 8, 5)
(490, 250, 8, 6)
(490, 250, 8, 7)
(490, 250, 8, 8)
(490, 250, 9, 3)
(490, 250, 9, 4)
(490, 250, 9, 5)
(490, 250, 9, 6)
(490, 250, 9, 7)
(490, 250, 9, 8)
(490, 250, 10, 3)
(490, 250, 10, 4)
(490, 250, 10, 5)
(490, 250, 10, 6)
(490, 250, 10, 7)
(490, 250, 10, 8)
(490, 250, 11, 3)
(490, 250, 11, 4)
(490, 250, 11, 5)
(490, 250, 11, 6)
(490, 250, 12, 3)
(490, 250, 12, 4)
(490, 250, 12, 5)
(490, 250, 12, 6)
(490, 250, 13, 3)
(490, 250, 13, 4)
(490, 250, 13, 5)
(490, 250, 14, 3)
(490, 250, 14, 4)
(490, 250, 15, 3)
(490, 250, 15, 4)
(490, 300, 5, 4)
(490, 300, 6, 3)
(490, 300, 6, 4)
(490, 300, 6, 5)
(490, 300, 6, 6)
(490, 300, 7, 3)
(490, 300, 7, 4)
(490, 300, 7, 5)
(490, 300, 7, 6)
(490, 300, 7, 7)
(490, 300, 8, 3)
(490, 300, 8, 4)
(490, 300, 8, 5)
(490, 300, 8, 6)
(490, 300, 8, 7)
(490, 300, 8, 8)
(490, 300, 9, 3)
(490, 300, 9, 4)
(490, 300, 9, 5)
(490, 300, 9, 6)
(490, 300, 9, 7)
(490, 300, 9, 8)
(490, 300, 10, 3)
(490, 300, 10, 4)
(490, 300, 10, 5)
(490, 300, 10, 6)
(490, 300, 10, 7)
(490, 300, 10, 8)
(490, 300, 11, 3)
(490, 300, 11, 4)
(490, 300, 11, 5)
(490, 300, 11, 6)
(490, 300, 12, 3)
(490, 300, 12, 4)
(490, 300, 12, 5)
(490, 300, 12, 6)
(490, 300, 13, 3)
(490, 300, 13, 4)
(490, 300, 13, 5)
(490, 300, 14, 4)
(490, 350, 6, 4)
(490, 350, 6, 5)
(490, 350, 7, 4)
(490, 350, 7, 5)
(490, 350, 7, 6)
(490, 350, 8, 4)
(490, 350, 8, 5)
(490, 350, 8, 6)
(490, 350, 8, 7)
(490, 350, 9, 4)
(490, 350, 9, 5)
(490, 350, 9, 6)
(490, 350, 9, 7)
(490, 350, 9, 8)
(490, 350, 10, 4)
(490, 350, 10, 5)
(490, 350, 10, 6)
(490, 350, 11, 4)
(490, 350, 11, 5)
(490, 350, 11, 6)
(490, 350, 12, 4)
(490, 350, 12, 5)
(490, 350, 12, 6)
(490, 350, 13, 4)
(490, 350, 13, 5)
(495, 0, 4, 2)
(495, 0, 4, 3)
(495, 0, 4, 4)
(495, 0, 4, 5)
(495, 0, 5, 2)
(495, 0, 5, 3)
(495, 0, 5, 4)
(495, 0, 5, 5)
(495, 0, 5, 6)
(495, 0, 5, 7)
(495, 0, 6, 2)
(495, 0, 6, 3)
(495, 0, 6, 4)
(495, 0, 6, 5)
(495, 0, 6, 6)
(495, 0, 6, 7)
(495, 0, 7, 2)
(495, 0, 7, 3)
(495, 0, 7, 4)
(495, 0, 7, 5)
(495, 0, 7, 6)
(495, 0, 7, 7)
(495, 0, 7, 8)
(495, 0, 8, 2)
(495, 0, 8, 3)
(495, 0, 8, 4)
(495, 0, 8, 5)
(495, 0, 8, 6)
(495, 0, 8, 7)
(495, 0, 8, 8)
(495, 0, 8, 9)
(495, 0, 9, 2)
(495, 0, 9, 3)
(495, 0, 9, 4)
(495, 0, 9, 5)
(495, 0, 9, 6)
(495, 0, 9, 7)
(495, 0, 9, 8)
(495, 0, 9, 9)
(495, 0, 9, 10)
(495, 0, 10, 2)
(495, 0, 10, 3)
(495, 0, 10, 4)
(495, 0, 10, 5)
(495, 0, 10, 6)
(495, 0, 10, 7)
(495, 0, 10, 8)
(495, 0, 10, 9)
(495, 0, 10, 10)
(495, 0, 10, 11)
(495, 0, 11, 2)
(495, 0, 11, 3)
(495, 0, 11, 4)
(495, 0, 11, 5)
(495, 0, 11, 6)
(495, 0, 11, 7)
(495, 0, 11, 8)
(495, 0, 11, 9)
(495, 0, 11, 10)
(495, 0, 11, 11)
(495, 0, 12, 2)
(495, 0, 12, 3)
(495, 0, 12, 4)
(495, 0, 12, 5)
(495, 0, 12, 6)
(495, 0, 12, 7)
(495, 0, 12, 8)
(495, 0, 12, 9)
(495, 0, 13, 2)
(495, 0, 13, 3)
(495, 0, 13, 4)
(495, 0, 13, 5)
(495, 0, 13, 6)
(495, 0, 13, 7)
(495, 0, 13, 8)
(495, 0, 13, 9)
(495, 0, 13, 10)
(495, 0, 14, 2)
(495, 0, 14, 3)
(495, 0, 14, 4)
(495, 0, 14, 5)
(495, 0, 14, 6)
(495, 0, 14, 7)
(495, 0, 14, 8)
(495, 0, 15, 2)
(495, 0, 15, 3)
(495, 0, 15, 4)
(495, 0, 15, 5)
(495, 0, 15, 6)
(495, 0, 15, 7)
(495, 50, 4, 2)
(495, 50, 4, 3)
(495, 50, 4, 4)
(495, 50, 4, 5)
(495, 50, 5, 2)
(495, 50, 5, 3)
(495, 50, 5, 4)
(495, 50, 5, 5)
(495, 50, 5, 6)
(495, 50, 6, 2)
(495, 50, 6, 3)
(495, 50, 6, 4)
(495, 50, 6, 5)
(495, 50, 6, 6)
(495, 50, 6, 7)
(495, 50, 7, 2)
(495, 50, 7, 3)
(495, 50, 7, 4)
(495, 50, 7, 5)
(495, 50, 7, 6)
(495, 50, 7, 7)
(495, 50, 7, 8)
(495, 50, 8, 2)
(495, 50, 8, 3)
(495, 50, 8, 4)
(495, 50, 8, 5)
(495, 50, 8, 6)
(495, 50, 8, 7)
(495, 50, 8, 8)
(495, 50, 8, 9)
(495, 50, 9, 2)
(495, 50, 9, 3)
(495, 50, 9, 4)
(495, 50, 9, 5)
(495, 50, 9, 6)
(495, 50, 9, 7)
(495, 50, 9, 8)
(495, 50, 9, 9)
(495, 50, 9, 10)
(495, 50, 10, 2)
(495, 50, 10, 3)
(495, 50, 10, 4)
(495, 50, 10, 5)
(495, 50, 10, 6)
(495, 50, 10, 7)
(495, 50, 10, 8)
(495, 50, 10, 9)
(495, 50, 10, 10)
(495, 50, 11, 2)
(495, 50, 11, 3)
(495, 50, 11, 4)
(495, 50, 11, 5)
(495, 50, 11, 6)
(495, 50, 11, 7)
(495, 50, 11, 8)
(495, 50, 11, 9)
(495, 50, 11, 10)
(495, 50, 11, 11)
(495, 50, 12, 2)
(495, 50, 12, 3)
(495, 50, 12, 4)
(495, 50, 12, 5)
(495, 50, 12, 6)
(495, 50, 12, 7)
(495, 50, 12, 8)
(495, 50, 12, 9)
(495, 50, 13, 2)
(495, 50, 13, 3)
(495, 50, 13, 4)
(495, 50, 13, 5)
(495, 50, 13, 6)
(495, 50, 13, 7)
(495, 50, 13, 8)
(495, 50, 13, 9)
(495, 50, 13, 10)
(495, 50, 14, 2)
(495, 50, 14, 3)
(495, 50, 14, 4)
(495, 50, 14, 5)
(495, 50, 14, 6)
(495, 50, 14, 7)
(495, 50, 14, 8)
(495, 50, 15, 2)
(495, 50, 15, 3)
(495, 50, 15, 4)
(495, 50, 15, 5)
(495, 50, 15, 6)
(495, 50, 15, 7)
(495, 100, 4, 2)
(495, 100, 4, 3)
(495, 100, 4, 4)
(495, 100, 4, 5)
(495, 100, 5, 2)
(495, 100, 5, 3)
(495, 100, 5, 4)
(495, 100, 5, 5)
(495, 100, 5, 6)
(495, 100, 6, 2)
(495, 100, 6, 3)
(495, 100, 6, 4)
(495, 100, 6, 5)
(495, 100, 6, 6)
(495, 100, 6, 7)
(495, 100, 7, 2)
(495, 100, 7, 3)
(495, 100, 7, 4)
(495, 100, 7, 5)
(495, 100, 7, 6)
(495, 100, 7, 7)
(495, 100, 7, 8)
(495, 100, 8, 2)
(495, 100, 8, 3)
(495, 100, 8, 4)
(495, 100, 8, 5)
(495, 100, 8, 6)
(495, 100, 8, 7)
(495, 100, 8, 8)
(495, 100, 8, 9)
(495, 100, 9, 2)
(495, 100, 9, 3)
(495, 100, 9, 4)
(495, 100, 9, 5)
(495, 100, 9, 6)
(495, 100, 9, 7)
(495, 100, 9, 8)
(495, 100, 9, 9)
(495, 100, 9, 10)
(495, 100, 10, 2)
(495, 100, 10, 3)
(495, 100, 10, 4)
(495, 100, 10, 5)
(495, 100, 10, 6)
(495, 100, 10, 7)
(495, 100, 10, 8)
(495, 100, 10, 9)
(495, 100, 10, 10)
(495, 100, 11, 2)
(495, 100, 11, 3)
(495, 100, 11, 4)
(495, 100, 11, 5)
(495, 100, 11, 6)
(495, 100, 11, 7)
(495, 100, 11, 8)
(495, 100, 11, 9)
(495, 100, 11, 10)
(495, 100, 12, 2)
(495, 100, 12, 3)
(495, 100, 12, 4)
(495, 100, 12, 5)
(495, 100, 12, 6)
(495, 100, 12, 7)
(495, 100, 12, 8)
(495, 100, 13, 2)
(495, 100, 13, 3)
(495, 100, 13, 4)
(495, 100, 13, 5)
(495, 100, 13, 6)
(495, 100, 13, 7)
(495, 100, 13, 8)
(495, 100, 13, 9)
(495, 100, 13, 10)
(495, 100, 14, 2)
(495, 100, 14, 3)
(495, 100, 14, 4)
(495, 100, 14, 5)
(495, 100, 14, 6)
(495, 100, 14, 7)
(495, 100, 14, 8)
(495, 100, 15, 2)
(495, 100, 15, 3)
(495, 100, 15, 4)
(495, 100, 15, 5)
(495, 100, 15, 6)
(495, 100, 15, 7)
(495, 150, 4, 2)
(495, 150, 4, 3)
(495, 150, 4, 4)
(495, 150, 4, 5)
(495, 150, 5, 2)
(495, 150, 5, 3)
(495, 150, 5, 4)
(495, 150, 5, 5)
(495, 150, 5, 6)
(495, 150, 6, 2)
(495, 150, 6, 3)
(495, 150, 6, 4)
(495, 150, 6, 5)
(495, 150, 6, 6)
(495, 150, 6, 7)
(495, 150, 7, 2)
(495, 150, 7, 3)
(495, 150, 7, 4)
(495, 150, 7, 5)
(495, 150, 7, 6)
(495, 150, 7, 7)
(495, 150, 7, 8)
(495, 150, 8, 2)
(495, 150, 8, 3)
(495, 150, 8, 4)
(495, 150, 8, 5)
(495, 150, 8, 6)
(495, 150, 8, 7)
(495, 150, 8, 8)
(495, 150, 8, 9)
(495, 150, 9, 2)
(495, 150, 9, 3)
(495, 150, 9, 4)
(495, 150, 9, 5)
(495, 150, 9, 6)
(495, 150, 9, 7)
(495, 150, 9, 8)
(495, 150, 9, 9)
(495, 150, 9, 10)
(495, 150, 10, 2)
(495, 150, 10, 3)
(495, 150, 10, 4)
(495, 150, 10, 5)
(495, 150, 10, 6)
(495, 150, 10, 7)
(495, 150, 10, 8)
(495, 150, 10, 9)
(495, 150, 10, 10)
(495, 150, 11, 2)
(495, 150, 11, 3)
(495, 150, 11, 4)
(495, 150, 11, 5)
(495, 150, 11, 6)
(495, 150, 11, 7)
(495, 150, 11, 8)
(495, 150, 11, 9)
(495, 150, 12, 2)
(495, 150, 12, 3)
(495, 150, 12, 4)
(495, 150, 12, 5)
(495, 150, 12, 6)
(495, 150, 12, 7)
(495, 150, 12, 8)
(495, 150, 13, 2)
(495, 150, 13, 3)
(495, 150, 13, 4)
(495, 150, 13, 5)
(495, 150, 13, 6)
(495, 150, 13, 7)
(495, 150, 13, 8)
(495, 150, 14, 2)
(495, 150, 14, 3)
(495, 150, 14, 4)
(495, 150, 14, 5)
(495, 150, 14, 6)
(495, 150, 14, 7)
(495, 150, 15, 2)
(495, 150, 15, 3)
(495, 150, 15, 4)
(495, 150, 15, 5)
(495, 150, 15, 6)
(495, 150, 15, 7)
(495, 200, 4, 3)
(495, 200, 4, 4)
(495, 200, 5, 2)
(495, 200, 5, 3)
(495, 200, 5, 4)
(495, 200, 5, 5)
(495, 200, 5, 6)
(495, 200, 6, 2)
(495, 200, 6, 3)
(495, 200, 6, 4)
(495, 200, 6, 5)
(495, 200, 6, 6)
(495, 200, 7, 2)
(495, 200, 7, 3)
(495, 200, 7, 4)
(495, 200, 7, 5)
(495, 200, 7, 6)
(495, 200, 7, 7)
(495, 200, 7, 8)
(495, 200, 8, 2)
(495, 200, 8, 3)
(495, 200, 8, 4)
(495, 200, 8, 5)
(495, 200, 8, 6)
(495, 200, 8, 7)
(495, 200, 8, 8)
(495, 200, 9, 2)
(495, 200, 9, 3)
(495, 200, 9, 4)
(495, 200, 9, 5)
(495, 200, 9, 6)
(495, 200, 9, 7)
(495, 200, 9, 8)
(495, 200, 9, 9)
(495, 200, 10, 2)
(495, 200, 10, 3)
(495, 200, 10, 4)
(495, 200, 10, 5)
(495, 200, 10, 6)
(495, 200, 10, 7)
(495, 200, 10, 8)
(495, 200, 10, 9)
(495, 200, 10, 10)
(495, 200, 11, 2)
(495, 200, 11, 3)
(495, 200, 11, 4)
(495, 200, 11, 5)
(495, 200, 11, 6)
(495, 200, 11, 7)
(495, 200, 11, 8)
(495, 200, 12, 2)
(495, 200, 12, 3)
(495, 200, 12, 4)
(495, 200, 12, 5)
(495, 200, 12, 6)
(495, 200, 12, 7)
(495, 200, 13, 2)
(495, 200, 13, 3)
(495, 200, 13, 4)
(495, 200, 13, 5)
(495, 200, 13, 6)
(495, 200, 13, 7)
(495, 200, 13, 8)
(495, 200, 14, 2)
(495, 200, 14, 3)
(495, 200, 14, 4)
(495, 200, 14, 5)
(495, 200, 14, 6)
(495, 200, 14, 7)
(495, 200, 15, 2)
(495, 200, 15, 3)
(495, 200, 15, 4)
(495, 200, 15, 5)
(495, 200, 15, 6)
(495, 200, 15, 7)
(495, 250, 5, 3)
(495, 250, 5, 4)
(495, 250, 5, 5)
(495, 250, 6, 3)
(495, 250, 6, 4)
(495, 250, 6, 5)
(495, 250, 6, 6)
(495, 250, 7, 3)
(495, 250, 7, 4)
(495, 250, 7, 5)
(495, 250, 7, 6)
(495, 250, 7, 7)
(495, 250, 8, 3)
(495, 250, 8, 4)
(495, 250, 8, 5)
(495, 250, 8, 6)
(495, 250, 8, 7)
(495, 250, 8, 8)
(495, 250, 9, 3)
(495, 250, 9, 4)
(495, 250, 9, 5)
(495, 250, 9, 6)
(495, 250, 9, 7)
(495, 250, 9, 8)
(495, 250, 9, 9)
(495, 250, 10, 3)
(495, 250, 10, 4)
(495, 250, 10, 5)
(495, 250, 10, 6)
(495, 250, 10, 7)
(495, 250, 10, 8)
(495, 250, 11, 3)
(495, 250, 11, 4)
(495, 250, 11, 5)
(495, 250, 11, 6)
(495, 250, 11, 7)
(495, 250, 11, 8)
(495, 250, 12, 3)
(495, 250, 12, 4)
(495, 250, 12, 5)
(495, 250, 12, 6)
(495, 250, 12, 7)
(495, 250, 13, 3)
(495, 250, 13, 4)
(495, 250, 13, 5)
(495, 250, 13, 6)
(495, 250, 13, 7)
(495, 250, 13, 8)
(495, 250, 14, 3)
(495, 250, 14, 4)
(495, 250, 14, 5)
(495, 250, 14, 6)
(495, 250, 14, 7)
(495, 250, 15, 3)
(495, 250, 15, 4)
(495, 250, 15, 5)
(495, 250, 15, 6)
(495, 300, 5, 4)
(495, 300, 6, 3)
(495, 300, 6, 4)
(495, 300, 6, 5)
(495, 300, 6, 6)
(495, 300, 7, 3)
(495, 300, 7, 4)
(495, 300, 7, 5)
(495, 300, 7, 6)
(495, 300, 7, 7)
(495, 300, 8, 3)
(495, 300, 8, 4)
(495, 300, 8, 5)
(495, 300, 8, 6)
(495, 300, 8, 7)
(495, 300, 8, 8)
(495, 300, 9, 3)
(495, 300, 9, 4)
(495, 300, 9, 5)
(495, 300, 9, 6)
(495, 300, 9, 7)
(495, 300, 9, 8)
(495, 300, 9, 9)
(495, 300, 10, 3)
(495, 300, 10, 4)
(495, 300, 10, 5)
(495, 300, 10, 6)
(495, 300, 10, 7)
(495, 300, 10, 8)
(495, 300, 11, 3)
(495, 300, 11, 4)
(495, 300, 11, 5)
(495, 300, 11, 6)
(495, 300, 11, 7)
(495, 300, 12, 3)
(495, 300, 12, 4)
(495, 300, 12, 5)
(495, 300, 12, 6)
(495, 300, 12, 7)
(495, 300, 13, 3)
(495, 300, 13, 4)
(495, 300, 13, 5)
(495, 300, 13, 6)
(495, 300, 13, 7)
(495, 300, 14, 3)
(495, 300, 14, 4)
(495, 300, 14, 5)
(495, 300, 14, 6)
(495, 300, 14, 7)
(495, 300, 15, 3)
(495, 300, 15, 4)
(495, 300, 15, 5)
(495, 300, 15, 6)
(495, 350, 6, 4)
(495, 350, 6, 5)
(495, 350, 7, 4)
(495, 350, 7, 5)
(495, 350, 7, 6)
(495, 350, 8, 4)
(495, 350, 8, 5)
(495, 350, 8, 6)
(495, 350, 8, 7)
(495, 350, 9, 4)
(495, 350, 9, 5)
(495, 350, 9, 6)
(495, 350, 9, 7)
(495, 350, 9, 8)
(495, 350, 10, 4)
(495, 350, 10, 5)
(495, 350, 10, 6)
(495, 350, 11, 4)
(495, 350, 11, 5)
(495, 350, 11, 6)
(495, 350, 12, 4)
(495, 350, 12, 5)
(495, 350, 12, 6)
(495, 350, 13, 4)
(495, 350, 13, 5)
(495, 350, 13, 6)
(495, 350, 13, 7)
(495, 350, 13, 8)
(495, 350, 14, 4)
(495, 350, 14, 5)
(495, 350, 14, 6)
(495, 350, 14, 7)
(495, 350, 15, 4)
(495, 350, 15, 5)
(495, 350, 15, 6)
(500, 0, 4, 2)
(500, 0, 4, 3)
(500, 0, 4, 4)
(500, 0, 4, 5)
(500, 0, 5, 2)
(500, 0, 5, 3)
(500, 0, 5, 4)
(500, 0, 5, 5)
(500, 0, 5, 6)
(500, 0, 5, 7)
(500, 0, 6, 2)
(500, 0, 6, 3)
(500, 0, 6, 4)
(500, 0, 6, 5)
(500, 0, 6, 6)
(500, 0, 6, 7)
(500, 0, 7, 2)
(500, 0, 7, 3)
(500, 0, 7, 4)
(500, 0, 7, 5)
(500, 0, 7, 6)
(500, 0, 7, 7)
(500, 0, 7, 8)
(500, 0, 8, 2)
(500, 0, 8, 3)
(500, 0, 8, 4)
(500, 0, 8, 5)
(500, 0, 8, 6)
(500, 0, 8, 7)
(500, 0, 8, 8)
(500, 0, 8, 9)
(500, 0, 9, 2)
(500, 0, 9, 3)
(500, 0, 9, 4)
(500, 0, 9, 5)
(500, 0, 9, 6)
(500, 0, 9, 7)
(500, 0, 9, 8)
(500, 0, 9, 9)
(500, 0, 9, 10)
(500, 0, 10, 2)
(500, 0, 10, 3)
(500, 0, 10, 4)
(500, 0, 10, 5)
(500, 0, 10, 6)
(500, 0, 10, 7)
(500, 0, 10, 8)
(500, 0, 10, 9)
(500, 0, 10, 10)
(500, 0, 10, 11)
(500, 0, 11, 2)
(500, 0, 11, 3)
(500, 0, 11, 4)
(500, 0, 11, 5)
(500, 0, 11, 6)
(500, 0, 11, 7)
(500, 0, 11, 8)
(500, 0, 11, 9)
(500, 0, 11, 10)
(500, 0, 11, 11)
(500, 0, 12, 2)
(500, 0, 12, 3)
(500, 0, 12, 4)
(500, 0, 12, 5)
(500, 0, 12, 6)
(500, 0, 12, 7)
(500, 0, 12, 8)
(500, 0, 12, 9)
(500, 0, 13, 2)
(500, 0, 13, 3)
(500, 0, 13, 4)
(500, 0, 13, 5)
(500, 0, 13, 6)
(500, 0, 13, 7)
(500, 0, 13, 8)
(500, 0, 13, 9)
(500, 0, 13, 10)
(500, 0, 13, 11)
(500, 0, 14, 2)
(500, 0, 14, 3)
(500, 0, 14, 4)
(500, 0, 14, 5)
(500, 0, 14, 6)
(500, 0, 14, 7)
(500, 0, 14, 8)
(500, 0, 14, 9)
(500, 0, 14, 10)
(500, 0, 15, 2)
(500, 0, 15, 3)
(500, 0, 15, 4)
(500, 0, 15, 5)
(500, 0, 15, 6)
(500, 0, 15, 7)
(500, 0, 15, 8)
(500, 50, 4, 2)
(500, 50, 4, 3)
(500, 50, 4, 4)
(500, 50, 4, 5)
(500, 50, 5, 2)
(500, 50, 5, 3)
(500, 50, 5, 4)
(500, 50, 5, 5)
(500, 50, 5, 6)
(500, 50, 6, 2)
(500, 50, 6, 3)
(500, 50, 6, 4)
(500, 50, 6, 5)
(500, 50, 6, 6)
(500, 50, 6, 7)
(500, 50, 7, 2)
(500, 50, 7, 3)
(500, 50, 7, 4)
(500, 50, 7, 5)
(500, 50, 7, 6)
(500, 50, 7, 7)
(500, 50, 7, 8)
(500, 50, 8, 2)
(500, 50, 8, 3)
(500, 50, 8, 4)
(500, 50, 8, 5)
(500, 50, 8, 6)
(500, 50, 8, 7)
(500, 50, 8, 8)
(500, 50, 8, 9)
(500, 50, 9, 2)
(500, 50, 9, 3)
(500, 50, 9, 4)
(500, 50, 9, 5)
(500, 50, 9, 6)
(500, 50, 9, 7)
(500, 50, 9, 8)
(500, 50, 9, 9)
(500, 50, 9, 10)
(500, 50, 10, 2)
(500, 50, 10, 3)
(500, 50, 10, 4)
(500, 50, 10, 5)
(500, 50, 10, 6)
(500, 50, 10, 7)
(500, 50, 10, 8)
(500, 50, 10, 9)
(500, 50, 10, 10)
(500, 50, 11, 2)
(500, 50, 11, 3)
(500, 50, 11, 4)
(500, 50, 11, 5)
(500, 50, 11, 6)
(500, 50, 11, 7)
(500, 50, 11, 8)
(500, 50, 11, 9)
(500, 50, 11, 10)
(500, 50, 11, 11)
(500, 50, 12, 2)
(500, 50, 12, 3)
(500, 50, 12, 4)
(500, 50, 12, 5)
(500, 50, 12, 6)
(500, 50, 12, 7)
(500, 50, 12, 8)
(500, 50, 12, 9)
(500, 50, 13, 2)
(500, 50, 13, 3)
(500, 50, 13, 4)
(500, 50, 13, 5)
(500, 50, 13, 6)
(500, 50, 13, 7)
(500, 50, 13, 8)
(500, 50, 13, 9)
(500, 50, 14, 2)
(500, 50, 14, 3)
(500, 50, 14, 4)
(500, 50, 14, 5)
(500, 50, 14, 6)
(500, 50, 14, 7)
(500, 50, 14, 8)
(500, 50, 14, 9)
(500, 50, 15, 2)
(500, 50, 15, 3)
(500, 50, 15, 4)
(500, 50, 15, 5)
(500, 50, 15, 6)
(500, 50, 15, 7)
(500, 50, 15, 8)
(500, 100, 4, 2)
(500, 100, 4, 3)
(500, 100, 4, 4)
(500, 100, 4, 5)
(500, 100, 5, 2)
(500, 100, 5, 3)
(500, 100, 5, 4)
(500, 100, 5, 5)
(500, 100, 5, 6)
(500, 100, 6, 2)
(500, 100, 6, 3)
(500, 100, 6, 4)
(500, 100, 6, 5)
(500, 100, 6, 6)
(500, 100, 6, 7)
(500, 100, 7, 2)
(500, 100, 7, 3)
(500, 100, 7, 4)
(500, 100, 7, 5)
(500, 100, 7, 6)
(500, 100, 7, 7)
(500, 100, 7, 8)
(500, 100, 8, 2)
(500, 100, 8, 3)
(500, 100, 8, 4)
(500, 100, 8, 5)
(500, 100, 8, 6)
(500, 100, 8, 7)
(500, 100, 8, 8)
(500, 100, 8, 9)
(500, 100, 9, 2)
(500, 100, 9, 3)
(500, 100, 9, 4)
(500, 100, 9, 5)
(500, 100, 9, 6)
(500, 100, 9, 7)
(500, 100, 9, 8)
(500, 100, 9, 9)
(500, 100, 9, 10)
(500, 100, 10, 2)
(500, 100, 10, 3)
(500, 100, 10, 4)
(500, 100, 10, 5)
(500, 100, 10, 6)
(500, 100, 10, 7)
(500, 100, 10, 8)
(500, 100, 10, 9)
(500, 100, 10, 10)
(500, 100, 11, 2)
(500, 100, 11, 3)
(500, 100, 11, 4)
(500, 100, 11, 5)
(500, 100, 11, 6)
(500, 100, 11, 7)
(500, 100, 11, 8)
(500, 100, 11, 9)
(500, 100, 11, 10)
(500, 100, 12, 2)
(500, 100, 12, 3)
(500, 100, 12, 4)
(500, 100, 12, 5)
(500, 100, 12, 6)
(500, 100, 12, 7)
(500, 100, 12, 8)
(500, 100, 13, 2)
(500, 100, 13, 3)
(500, 100, 13, 4)
(500, 100, 13, 5)
(500, 100, 13, 6)
(500, 100, 13, 7)
(500, 100, 13, 8)
(500, 100, 13, 9)
(500, 100, 13, 10)
(500, 100, 14, 2)
(500, 100, 14, 3)
(500, 100, 14, 4)
(500, 100, 14, 5)
(500, 100, 14, 6)
(500, 100, 14, 7)
(500, 100, 14, 8)
(500, 100, 14, 9)
(500, 100, 15, 2)
(500, 100, 15, 3)
(500, 100, 15, 4)
(500, 100, 15, 5)
(500, 100, 15, 6)
(500, 100, 15, 7)
(500, 100, 15, 8)
(500, 150, 4, 2)
(500, 150, 4, 3)
(500, 150, 4, 4)
(500, 150, 5, 2)
(500, 150, 5, 3)
(500, 150, 5, 4)
(500, 150, 5, 5)
(500, 150, 5, 6)
(500, 150, 6, 2)
(500, 150, 6, 3)
(500, 150, 6, 4)
(500, 150, 6, 5)
(500, 150, 6, 6)
(500, 150, 6, 7)
(500, 150, 7, 2)
(500, 150, 7, 3)
(500, 150, 7, 4)
(500, 150, 7, 5)
(500, 150, 7, 6)
(500, 150, 7, 7)
(500, 150, 7, 8)
(500, 150, 8, 2)
(500, 150, 8, 3)
(500, 150, 8, 4)
(500, 150, 8, 5)
(500, 150, 8, 6)
(500, 150, 8, 7)
(500, 150, 8, 8)
(500, 150, 8, 9)
(500, 150, 9, 2)
(500, 150, 9, 3)
(500, 150, 9, 4)
(500, 150, 9, 5)
(500, 150, 9, 6)
(500, 150, 9, 7)
(500, 150, 9, 8)
(500, 150, 9, 9)
(500, 150, 9, 10)
(500, 150, 10, 2)
(500, 150, 10, 3)
(500, 150, 10, 4)
(500, 150, 10, 5)
(500, 150, 10, 6)
(500, 150, 10, 7)
(500, 150, 10, 8)
(500, 150, 10, 9)
(500, 150, 10, 10)
(500, 150, 11, 2)
(500, 150, 11, 3)
(500, 150, 11, 4)
(500, 150, 11, 5)
(500, 150, 11, 6)
(500, 150, 11, 7)
(500, 150, 11, 8)
(500, 150, 11, 9)
(500, 150, 12, 2)
(500, 150, 12, 3)
(500, 150, 12, 4)
(500, 150, 12, 5)
(500, 150, 12, 6)
(500, 150, 12, 7)
(500, 150, 12, 8)
(500, 150, 13, 2)
(500, 150, 13, 3)
(500, 150, 13, 4)
(500, 150, 13, 5)
(500, 150, 13, 6)
(500, 150, 13, 7)
(500, 150, 13, 8)
(500, 150, 14, 2)
(500, 150, 14, 3)
(500, 150, 14, 4)
(500, 150, 14, 5)
(500, 150, 14, 6)
(500, 150, 14, 7)
(500, 150, 14, 8)
(500, 150, 15, 2)
(500, 150, 15, 3)
(500, 150, 15, 4)
(500, 150, 15, 5)
(500, 150, 15, 6)
(500, 150, 15, 7)
(500, 200, 4, 3)
(500, 200, 4, 4)
(500, 200, 5, 3)
(500, 200, 5, 4)
(500, 200, 5, 5)
(500, 200, 5, 6)
(500, 200, 6, 2)
(500, 200, 6, 3)
(500, 200, 6, 4)
(500, 200, 6, 5)
(500, 200, 6, 6)
(500, 200, 7, 2)
(500, 200, 7, 3)
(500, 200, 7, 4)
(500, 200, 7, 5)
(500, 200, 7, 6)
(500, 200, 7, 7)
(500, 200, 7, 8)
(500, 200, 8, 2)
(500, 200, 8, 3)
(500, 200, 8, 4)
(500, 200, 8, 5)
(500, 200, 8, 6)
(500, 200, 8, 7)
(500, 200, 8, 8)
(500, 200, 8, 9)
(500, 200, 9, 2)
(500, 200, 9, 3)
(500, 200, 9, 4)
(500, 200, 9, 5)
(500, 200, 9, 6)
(500, 200, 9, 7)
(500, 200, 9, 8)
(500, 200, 9, 9)
(500, 200, 10, 2)
(500, 200, 10, 3)
(500, 200, 10, 4)
(500, 200, 10, 5)
(500, 200, 10, 6)
(500, 200, 10, 7)
(500, 200, 10, 8)
(500, 200, 10, 9)
(500, 200, 11, 2)
(500, 200, 11, 3)
(500, 200, 11, 4)
(500, 200, 11, 5)
(500, 200, 11, 6)
(500, 200, 11, 7)
(500, 200, 11, 8)
(500, 200, 11, 9)
(500, 200, 12, 2)
(500, 200, 12, 3)
(500, 200, 12, 4)
(500, 200, 12, 5)
(500, 200, 12, 6)
(500, 200, 12, 7)
(500, 200, 13, 2)
(500, 200, 13, 3)
(500, 200, 13, 4)
(500, 200, 13, 5)
(500, 200, 13, 6)
(500, 200, 13, 7)
(500, 200, 13, 8)
(500, 200, 14, 2)
(500, 200, 14, 3)
(500, 200, 14, 4)
(500, 200, 14, 5)
(500, 200, 14, 6)
(500, 200, 14, 7)
(500, 200, 14, 8)
(500, 200, 15, 2)
(500, 200, 15, 3)
(500, 200, 15, 4)
(500, 200, 15, 5)
(500, 200, 15, 6)
(500, 200, 15, 7)
(500, 250, 5, 3)
(500, 250, 5, 4)
(500, 250, 5, 5)
(500, 250, 6, 3)
(500, 250, 6, 4)
(500, 250, 6, 5)
(500, 250, 6, 6)
(500, 250, 7, 3)
(500, 250, 7, 4)
(500, 250, 7, 5)
(500, 250, 7, 6)
(500, 250, 7, 7)
(500, 250, 8, 3)
(500, 250, 8, 4)
(500, 250, 8, 5)
(500, 250, 8, 6)
(500, 250, 8, 7)
(500, 250, 8, 8)
(500, 250, 9, 3)
(500, 250, 9, 4)
(500, 250, 9, 5)
(500, 250, 9, 6)
(500, 250, 9, 7)
(500, 250, 9, 8)
(500, 250, 9, 9)
(500, 250, 10, 3)
(500, 250, 10, 4)
(500, 250, 10, 5)
(500, 250, 10, 6)
(500, 250, 10, 7)
(500, 250, 10, 8)
(500, 250, 11, 3)
(500, 250, 11, 4)
(500, 250, 11, 5)
(500, 250, 11, 6)
(500, 250, 11, 7)
(500, 250, 11, 8)
(500, 250, 11, 9)
(500, 250, 12, 3)
(500, 250, 12, 4)
(500, 250, 12, 5)
(500, 250, 12, 6)
(500, 250, 12, 7)
(500, 250, 13, 3)
(500, 250, 13, 4)
(500, 250, 13, 5)
(500, 250, 13, 6)
(500, 250, 13, 7)
(500, 250, 13, 8)
(500, 250, 14, 3)
(500, 250, 14, 4)
(500, 250, 14, 5)
(500, 250, 14, 6)
(500, 250, 14, 7)
(500, 250, 14, 8)
(500, 250, 15, 3)
(500, 250, 15, 4)
(500, 250, 15, 5)
(500, 250, 15, 6)
(500, 250, 15, 7)
(500, 300, 6, 3)
(500, 300, 6, 4)
(500, 300, 6, 5)
(500, 300, 6, 6)
(500, 300, 7, 3)
(500, 300, 7, 4)
(500, 300, 7, 5)
(500, 300, 7, 6)
(500, 300, 7, 7)
(500, 300, 8, 3)
(500, 300, 8, 4)
(500, 300, 8, 5)
(500, 300, 8, 6)
(500, 300, 8, 7)
(500, 300, 8, 8)
(500, 300, 9, 3)
(500, 300, 9, 4)
(500, 300, 9, 5)
(500, 300, 9, 6)
(500, 300, 9, 7)
(500, 300, 9, 8)
(500, 300, 9, 9)
(500, 300, 10, 3)
(500, 300, 10, 4)
(500, 300, 10, 5)
(500, 300, 10, 6)
(500, 300, 10, 7)
(500, 300, 10, 8)
(500, 300, 11, 3)
(500, 300, 11, 4)
(500, 300, 11, 5)
(500, 300, 11, 6)
(500, 300, 11, 7)
(500, 300, 12, 3)
(500, 300, 12, 4)
(500, 300, 12, 5)
(500, 300, 12, 6)
(500, 300, 13, 3)
(500, 300, 13, 4)
(500, 300, 13, 5)
(500, 300, 13, 6)
(500, 300, 13, 7)
(500, 300, 13, 9)
(500, 300, 14, 3)
(500, 300, 14, 4)
(500, 300, 14, 5)
(500, 300, 14, 6)
(500, 300, 14, 7)
(500, 300, 15, 3)
(500, 300, 15, 4)
(500, 300, 15, 5)
(500, 300, 15, 6)
(500, 300, 15, 7)
(500, 350, 6, 4)
(500, 350, 6, 5)
(500, 350, 7, 4)
(500, 350, 7, 5)
(500, 350, 8, 4)
(500, 350, 8, 5)
(500, 350, 8, 6)
(500, 350, 8, 7)
(500, 350, 9, 4)
(500, 350, 9, 5)
(500, 350, 9, 6)
(500, 350, 9, 7)
(500, 350, 9, 8)
(500, 350, 10, 4)
(500, 350, 10, 5)
(500, 350, 10, 6)
(500, 350, 11, 4)
(500, 350, 11, 5)
(500, 350, 11, 6)
(500, 350, 12, 4)
(500, 350, 12, 5)
(500, 350, 12, 6)
(500, 350, 13, 4)
(500, 350, 13, 5)
(500, 350, 13, 6)
(500, 350, 14, 4)
(500, 350, 14, 5)
(500, 350, 14, 6)
(500, 350, 14, 7)
(500, 350, 15, 4)
(500, 350, 15, 5)
(500, 350, 15, 6)
(505, 0, 4, 2)
(505, 0, 4, 3)
(505, 0, 4, 4)
(505, 0, 4, 5)
(505, 0, 5, 2)
(505, 0, 5, 3)
(505, 0, 5, 4)
(505, 0, 5, 5)
(505, 0, 5, 6)
(505, 0, 5, 7)
(505, 0, 6, 2)
(505, 0, 6, 3)
(505, 0, 6, 4)
(505, 0, 6, 5)
(505, 0, 6, 6)
(505, 0, 6, 7)
(505, 0, 7, 2)
(505, 0, 7, 3)
(505, 0, 7, 4)
(505, 0, 7, 5)
(505, 0, 7, 6)
(505, 0, 7, 7)
(505, 0, 7, 8)
(505, 0, 8, 2)
(505, 0, 8, 3)
(505, 0, 8, 4)
(505, 0, 8, 5)
(505, 0, 8, 6)
(505, 0, 8, 7)
(505, 0, 8, 8)
(505, 0, 8, 9)
(505, 0, 9, 2)
(505, 0, 9, 3)
(505, 0, 9, 4)
(505, 0, 9, 5)
(505, 0, 9, 6)
(505, 0, 9, 7)
(505, 0, 9, 8)
(505, 0, 9, 9)
(505, 0, 9, 10)
(505, 0, 10, 2)
(505, 0, 10, 3)
(505, 0, 10, 4)
(505, 0, 10, 5)
(505, 0, 10, 6)
(505, 0, 10, 7)
(505, 0, 10, 8)
(505, 0, 10, 9)
(505, 0, 11, 2)
(505, 0, 11, 3)
(505, 0, 11, 4)
(505, 0, 11, 5)
(505, 0, 11, 6)
(505, 0, 11, 7)
(505, 0, 11, 8)
(505, 0, 11, 9)
(505, 0, 12, 2)
(505, 0, 12, 3)
(505, 0, 12, 4)
(505, 0, 12, 5)
(505, 0, 12, 6)
(505, 0, 12, 7)
(505, 0, 13, 2)
(505, 0, 13, 3)
(505, 0, 13, 4)
(505, 0, 13, 5)
(505, 0, 13, 6)
(505, 0, 14, 2)
(505, 0, 14, 3)
(505, 0, 14, 4)
(505, 0, 14, 5)
(505, 0, 14, 6)
(505, 0, 15, 2)
(505, 0, 15, 3)
(505, 0, 15, 4)
(505, 0, 15, 5)
(505, 50, 4, 2)
(505, 50, 4, 3)
(505, 50, 4, 4)
(505, 50, 4, 5)
(505, 50, 5, 2)
(505, 50, 5, 3)
(505, 50, 5, 4)
(505, 50, 5, 5)
(505, 50, 5, 6)
(505, 50, 6, 2)
(505, 50, 6, 3)
(505, 50, 6, 4)
(505, 50, 6, 5)
(505, 50, 6, 6)
(505, 50, 6, 7)
(505, 50, 7, 2)
(505, 50, 7, 3)
(505, 50, 7, 4)
(505, 50, 7, 5)
(505, 50, 7, 6)
(505, 50, 7, 7)
(505, 50, 7, 8)
(505, 50, 8, 2)
(505, 50, 8, 3)
(505, 50, 8, 4)
(505, 50, 8, 5)
(505, 50, 8, 6)
(505, 50, 8, 7)
(505, 50, 8, 8)
(505, 50, 8, 9)
(505, 50, 9, 2)
(505, 50, 9, 3)
(505, 50, 9, 4)
(505, 50, 9, 5)
(505, 50, 9, 6)
(505, 50, 9, 7)
(505, 50, 9, 8)
(505, 50, 9, 9)
(505, 50, 9, 10)
(505, 50, 10, 2)
(505, 50, 10, 3)
(505, 50, 10, 4)
(505, 50, 10, 5)
(505, 50, 10, 6)
(505, 50, 10, 7)
(505, 50, 10, 8)
(505, 50, 10, 9)
(505, 50, 10, 10)
(505, 50, 11, 2)
(505, 50, 11, 3)
(505, 50, 11, 4)
(505, 50, 11, 5)
(505, 50, 11, 6)
(505, 50, 11, 7)
(505, 50, 11, 8)
(505, 50, 12, 2)
(505, 50, 12, 3)
(505, 50, 12, 4)
(505, 50, 12, 5)
(505, 50, 12, 6)
(505, 50, 12, 7)
(505, 50, 13, 2)
(505, 50, 13, 3)
(505, 50, 13, 4)
(505, 50, 13, 5)
(505, 50, 13, 6)
(505, 50, 14, 2)
(505, 50, 14, 3)
(505, 50, 14, 4)
(505, 50, 14, 5)
(505, 50, 14, 6)
(505, 50, 15, 2)
(505, 50, 15, 3)
(505, 50, 15, 4)
(505, 50, 15, 5)
(505, 100, 4, 2)
(505, 100, 4, 3)
(505, 100, 4, 4)
(505, 100, 4, 5)
(505, 100, 5, 2)
(505, 100, 5, 3)
(505, 100, 5, 4)
(505, 100, 5, 5)
(505, 100, 5, 6)
(505, 100, 6, 2)
(505, 100, 6, 3)
(505, 100, 6, 4)
(505, 100, 6, 5)
(505, 100, 6, 6)
(505, 100, 6, 7)
(505, 100, 7, 2)
(505, 100, 7, 3)
(505, 100, 7, 4)
(505, 100, 7, 5)
(505, 100, 7, 6)
(505, 100, 7, 7)
(505, 100, 7, 8)
(505, 100, 8, 2)
(505, 100, 8, 3)
(505, 100, 8, 4)
(505, 100, 8, 5)
(505, 100, 8, 6)
(505, 100, 8, 7)
(505, 100, 8, 8)
(505, 100, 8, 9)
(505, 100, 9, 2)
(505, 100, 9, 3)
(505, 100, 9, 4)
(505, 100, 9, 5)
(505, 100, 9, 6)
(505, 100, 9, 7)
(505, 100, 9, 8)
(505, 100, 9, 9)
(505, 100, 10, 2)
(505, 100, 10, 3)
(505, 100, 10, 4)
(505, 100, 10, 5)
(505, 100, 10, 6)
(505, 100, 10, 7)
(505, 100, 10, 8)
(505, 100, 10, 9)
(505, 100, 10, 10)
(505, 100, 11, 2)
(505, 100, 11, 3)
(505, 100, 11, 4)
(505, 100, 11, 5)
(505, 100, 11, 6)
(505, 100, 11, 7)
(505, 100, 11, 8)
(505, 100, 12, 2)
(505, 100, 12, 3)
(505, 100, 12, 4)
(505, 100, 12, 5)
(505, 100, 12, 6)
(505, 100, 12, 7)
(505, 100, 13, 2)
(505, 100, 13, 3)
(505, 100, 13, 4)
(505, 100, 13, 5)
(505, 100, 13, 6)
(505, 100, 14, 2)
(505, 100, 14, 3)
(505, 100, 14, 4)
(505, 100, 14, 5)
(505, 100, 15, 2)
(505, 100, 15, 3)
(505, 100, 15, 4)
(505, 100, 15, 5)
(505, 150, 4, 2)
(505, 150, 4, 3)
(505, 150, 4, 4)
(505, 150, 4, 5)
(505, 150, 5, 2)
(505, 150, 5, 3)
(505, 150, 5, 4)
(505, 150, 5, 5)
(505, 150, 5, 6)
(505, 150, 6, 2)
(505, 150, 6, 3)
(505, 150, 6, 4)
(505, 150, 6, 5)
(505, 150, 6, 6)
(505, 150, 6, 7)
(505, 150, 7, 2)
(505, 150, 7, 3)
(505, 150, 7, 4)
(505, 150, 7, 5)
(505, 150, 7, 6)
(505, 150, 7, 7)
(505, 150, 7, 8)
(505, 150, 8, 2)
(505, 150, 8, 3)
(505, 150, 8, 4)
(505, 150, 8, 5)
(505, 150, 8, 6)
(505, 150, 8, 7)
(505, 150, 8, 8)
(505, 150, 8, 9)
(505, 150, 9, 2)
(505, 150, 9, 3)
(505, 150, 9, 4)
(505, 150, 9, 5)
(505, 150, 9, 6)
(505, 150, 9, 7)
(505, 150, 9, 8)
(505, 150, 9, 9)
(505, 150, 10, 2)
(505, 150, 10, 3)
(505, 150, 10, 4)
(505, 150, 10, 5)
(505, 150, 10, 6)
(505, 150, 10, 7)
(505, 150, 10, 8)
(505, 150, 11, 2)
(505, 150, 11, 3)
(505, 150, 11, 4)
(505, 150, 11, 5)
(505, 150, 11, 6)
(505, 150, 11, 7)
(505, 150, 11, 8)
(505, 150, 12, 2)
(505, 150, 12, 3)
(505, 150, 12, 4)
(505, 150, 12, 5)
(505, 150, 12, 6)
(505, 150, 13, 2)
(505, 150, 13, 3)
(505, 150, 13, 4)
(505, 150, 13, 5)
(505, 150, 13, 6)
(505, 150, 14, 2)
(505, 150, 14, 3)
(505, 150, 14, 4)
(505, 150, 14, 5)
(505, 150, 15, 2)
(505, 150, 15, 3)
(505, 150, 15, 4)
(505, 200, 4, 3)
(505, 200, 4, 4)
(505, 200, 5, 3)
(505, 200, 5, 4)
(505, 200, 5, 5)
(505, 200, 5, 6)
(505, 200, 6, 2)
(505, 200, 6, 3)
(505, 200, 6, 4)
(505, 200, 6, 5)
(505, 200, 6, 6)
(505, 200, 6, 7)
(505, 200, 7, 2)
(505, 200, 7, 3)
(505, 200, 7, 4)
(505, 200, 7, 5)
(505, 200, 7, 6)
(505, 200, 7, 7)
(505, 200, 7, 8)
(505, 200, 8, 2)
(505, 200, 8, 3)
(505, 200, 8, 4)
(505, 200, 8, 5)
(505, 200, 8, 6)
(505, 200, 8, 7)
(505, 200, 8, 8)
(505, 200, 8, 9)
(505, 200, 9, 2)
(505, 200, 9, 3)
(505, 200, 9, 4)
(505, 200, 9, 5)
(505, 200, 9, 6)
(505, 200, 9, 7)
(505, 200, 9, 8)
(505, 200, 9, 9)
(505, 200, 10, 2)
(505, 200, 10, 3)
(505, 200, 10, 4)
(505, 200, 10, 5)
(505, 200, 10, 6)
(505, 200, 10, 7)
(505, 200, 10, 8)
(505, 200, 11, 2)
(505, 200, 11, 3)
(505, 200, 11, 4)
(505, 200, 11, 5)
(505, 200, 11, 6)
(505, 200, 11, 7)
(505, 200, 12, 2)
(505, 200, 12, 3)
(505, 200, 12, 4)
(505, 200, 12, 5)
(505, 200, 12, 6)
(505, 200, 13, 2)
(505, 200, 13, 3)
(505, 200, 13, 4)
(505, 200, 13, 5)
(505, 200, 14, 2)
(505, 200, 14, 3)
(505, 200, 14, 4)
(505, 200, 14, 5)
(505, 200, 15, 2)
(505, 200, 15, 3)
(505, 200, 15, 4)
(505, 250, 5, 3)
(505, 250, 5, 4)
(505, 250, 5, 5)
(505, 250, 6, 3)
(505, 250, 6, 4)
(505, 250, 6, 5)
(505, 250, 6, 6)
(505, 250, 7, 3)
(505, 250, 7, 4)
(505, 250, 7, 5)
(505, 250, 7, 6)
(505, 250, 7, 7)
(505, 250, 8, 3)
(505, 250, 8, 4)
(505, 250, 8, 5)
(505, 250, 8, 6)
(505, 250, 8, 7)
(505, 250, 8, 8)
(505, 250, 9, 3)
(505, 250, 9, 4)
(505, 250, 9, 5)
(505, 250, 9, 6)
(505, 250, 9, 7)
(505, 250, 9, 8)
(505, 250, 10, 3)
(505, 250, 10, 4)
(505, 250, 10, 5)
(505, 250, 10, 6)
(505, 250, 10, 7)
(505, 250, 11, 3)
(505, 250, 11, 4)
(505, 250, 11, 5)
(505, 250, 11, 6)
(505, 250, 11, 7)
(505, 250, 12, 3)
(505, 250, 12, 4)
(505, 250, 12, 5)
(505, 250, 12, 6)
(505, 250, 13, 3)
(505, 250, 13, 4)
(505, 250, 13, 5)
(505, 250, 14, 3)
(505, 250, 14, 4)
(505, 250, 15, 3)
(505, 250, 15, 4)
(505, 300, 5, 4)
(505, 300, 6, 3)
(505, 300, 6, 4)
(505, 300, 6, 5)
(505, 300, 6, 6)
(505, 300, 7, 3)
(505, 300, 7, 4)
(505, 300, 7, 5)
(505, 300, 7, 6)
(505, 300, 7, 7)
(505, 300, 8, 3)
(505, 300, 8, 4)
(505, 300, 8, 5)
(505, 300, 8, 6)
(505, 300, 8, 7)
(505, 300, 8, 8)
(505, 300, 9, 3)
(505, 300, 9, 4)
(505, 300, 9, 5)
(505, 300, 9, 6)
(505, 300, 9, 7)
(505, 300, 9, 8)
(505, 300, 10, 3)
(505, 300, 10, 4)
(505, 300, 10, 5)
(505, 300, 10, 6)
(505, 300, 10, 7)
(505, 300, 11, 3)
(505, 300, 11, 4)
(505, 300, 11, 5)
(505, 300, 11, 6)
(505, 300, 12, 3)
(505, 300, 12, 4)
(505, 300, 12, 5)
(505, 300, 12, 6)
(505, 300, 13, 3)
(505, 300, 13, 4)
(505, 300, 13, 5)
(505, 300, 14, 3)
(505, 300, 14, 4)
(505, 300, 15, 3)
(505, 300, 15, 4)
(505, 350, 7, 4)
(505, 350, 7, 5)
(505, 350, 8, 4)
(505, 350, 8, 5)
(505, 350, 8, 6)
(505, 350, 8, 7)
(505, 350, 9, 4)
(505, 350, 9, 5)
(505, 350, 9, 6)
(505, 350, 9, 7)
(505, 350, 10, 4)
(505, 350, 10, 5)
(505, 350, 10, 6)
(505, 350, 11, 4)
(505, 350, 11, 5)
(505, 350, 11, 6)
(505, 350, 12, 4)
(505, 350, 12, 5)
(505, 350, 12, 6)
(505, 350, 13, 4)
(505, 350, 13, 5)
(505, 350, 14, 4)
(510, 0, 4, 2)
(510, 0, 4, 3)
(510, 0, 4, 4)
(510, 0, 4, 5)
(510, 0, 5, 2)
(510, 0, 5, 3)
(510, 0, 5, 4)
(510, 0, 5, 5)
(510, 0, 5, 6)
(510, 0, 6, 2)
(510, 0, 6, 3)
(510, 0, 6, 4)
(510, 0, 6, 5)
(510, 0, 6, 6)
(510, 0, 6, 7)
(510, 0, 7, 2)
(510, 0, 7, 3)
(510, 0, 7, 4)
(510, 0, 7, 5)
(510, 0, 7, 6)
(510, 0, 7, 7)
(510, 0, 7, 8)
(510, 0, 8, 2)
(510, 0, 8, 3)
(510, 0, 8, 4)
(510, 0, 8, 5)
(510, 0, 8, 6)
(510, 0, 8, 7)
(510, 0, 8, 8)
(510, 0, 8, 9)
(510, 0, 9, 2)
(510, 0, 9, 3)
(510, 0, 9, 4)
(510, 0, 9, 5)
(510, 0, 9, 6)
(510, 0, 9, 7)
(510, 0, 9, 8)
(510, 0, 9, 9)
(510, 0, 10, 2)
(510, 0, 10, 3)
(510, 0, 10, 4)
(510, 0, 10, 5)
(510, 0, 10, 6)
(510, 0, 10, 7)
(510, 0, 10, 8)
(510, 0, 11, 2)
(510, 0, 11, 3)
(510, 0, 11, 4)
(510, 0, 11, 5)
(510, 0, 11, 6)
(510, 0, 11, 7)
(510, 0, 12, 2)
(510, 0, 12, 3)
(510, 0, 12, 4)
(510, 0, 12, 5)
(510, 0, 12, 6)
(510, 0, 13, 2)
(510, 0, 13, 3)
(510, 0, 13, 4)
(510, 0, 13, 5)
(510, 0, 14, 2)
(510, 0, 14, 3)
(510, 0, 14, 4)
(510, 0, 15, 2)
(510, 0, 15, 3)
(510, 0, 15, 4)
(510, 50, 4, 2)
(510, 50, 4, 3)
(510, 50, 4, 4)
(510, 50, 4, 5)
(510, 50, 5, 2)
(510, 50, 5, 3)
(510, 50, 5, 4)
(510, 50, 5, 5)
(510, 50, 5, 6)
(510, 50, 6, 2)
(510, 50, 6, 3)
(510, 50, 6, 4)
(510, 50, 6, 5)
(510, 50, 6, 6)
(510, 50, 6, 7)
(510, 50, 7, 2)
(510, 50, 7, 3)
(510, 50, 7, 4)
(510, 50, 7, 5)
(510, 50, 7, 6)
(510, 50, 7, 7)
(510, 50, 7, 8)
(510, 50, 8, 2)
(510, 50, 8, 3)
(510, 50, 8, 4)
(510, 50, 8, 5)
(510, 50, 8, 6)
(510, 50, 8, 7)
(510, 50, 8, 8)
(510, 50, 9, 2)
(510, 50, 9, 3)
(510, 50, 9, 4)
(510, 50, 9, 5)
(510, 50, 9, 6)
(510, 50, 9, 7)
(510, 50, 9, 8)
(510, 50, 10, 2)
(510, 50, 10, 3)
(510, 50, 10, 4)
(510, 50, 10, 5)
(510, 50, 10, 6)
(510, 50, 10, 7)
(510, 50, 10, 8)
(510, 50, 11, 2)
(510, 50, 11, 3)
(510, 50, 11, 4)
(510, 50, 11, 5)
(510, 50, 11, 6)
(510, 50, 12, 2)
(510, 50, 12, 3)
(510, 50, 12, 4)
(510, 50, 12, 5)
(510, 50, 12, 6)
(510, 50, 13, 2)
(510, 50, 13, 3)
(510, 50, 13, 4)
(510, 50, 13, 5)
(510, 50, 14, 2)
(510, 50, 14, 3)
(510, 50, 14, 4)
(510, 50, 15, 2)
(510, 50, 15, 3)
(510, 50, 15, 4)
(510, 100, 4, 2)
(510, 100, 4, 3)
(510, 100, 4, 4)
(510, 100, 4, 5)
(510, 100, 5, 2)
(510, 100, 5, 3)
(510, 100, 5, 4)
(510, 100, 5, 5)
(510, 100, 5, 6)
(510, 100, 6, 2)
(510, 100, 6, 3)
(510, 100, 6, 4)
(510, 100, 6, 5)
(510, 100, 6, 6)
(510, 100, 6, 7)
(510, 100, 7, 2)
(510, 100, 7, 3)
(510, 100, 7, 4)
(510, 100, 7, 5)
(510, 100, 7, 6)
(510, 100, 7, 7)
(510, 100, 7, 8)
(510, 100, 8, 2)
(510, 100, 8, 3)
(510, 100, 8, 4)
(510, 100, 8, 5)
(510, 100, 8, 6)
(510, 100, 8, 7)
(510, 100, 8, 8)
(510, 100, 9, 2)
(510, 100, 9, 3)
(510, 100, 9, 4)
(510, 100, 9, 5)
(510, 100, 9, 6)
(510, 100, 9, 7)
(510, 100, 9, 8)
(510, 100, 10, 2)
(510, 100, 10, 3)
(510, 100, 10, 4)
(510, 100, 10, 5)
(510, 100, 10, 6)
(510, 100, 10, 7)
(510, 100, 11, 2)
(510, 100, 11, 3)
(510, 100, 11, 4)
(510, 100, 11, 5)
(510, 100, 11, 6)
(510, 100, 12, 2)
(510, 100, 12, 3)
(510, 100, 12, 4)
(510, 100, 12, 5)
(510, 100, 13, 2)
(510, 100, 13, 3)
(510, 100, 13, 4)
(510, 100, 13, 5)
(510, 100, 14, 2)
(510, 100, 14, 3)
(510, 100, 14, 4)
(510, 100, 15, 2)
(510, 100, 15, 3)
(510, 100, 15, 4)
(510, 150, 4, 2)
(510, 150, 4, 3)
(510, 150, 4, 4)
(510, 150, 4, 5)
(510, 150, 5, 2)
(510, 150, 5, 3)
(510, 150, 5, 4)
(510, 150, 5, 5)
(510, 150, 5, 6)
(510, 150, 6, 2)
(510, 150, 6, 3)
(510, 150, 6, 4)
(510, 150, 6, 5)
(510, 150, 6, 6)
(510, 150, 6, 7)
(510, 150, 7, 2)
(510, 150, 7, 3)
(510, 150, 7, 4)
(510, 150, 7, 5)
(510, 150, 7, 6)
(510, 150, 7, 7)
(510, 150, 7, 8)
(510, 150, 8, 2)
(510, 150, 8, 3)
(510, 150, 8, 4)
(510, 150, 8, 5)
(510, 150, 8, 6)
(510, 150, 8, 7)
(510, 150, 8, 8)
(510, 150, 8, 9)
(510, 150, 9, 2)
(510, 150, 9, 3)
(510, 150, 9, 4)
(510, 150, 9, 5)
(510, 150, 9, 6)
(510, 150, 9, 7)
(510, 150, 9, 8)
(510, 150, 10, 2)
(510, 150, 10, 3)
(510, 150, 10, 4)
(510, 150, 10, 5)
(510, 150, 10, 6)
(510, 150, 10, 7)
(510, 150, 11, 2)
(510, 150, 11, 3)
(510, 150, 11, 4)
(510, 150, 11, 5)
(510, 150, 12, 2)
(510, 150, 12, 3)
(510, 150, 12, 4)
(510, 150, 12, 5)
(510, 150, 13, 2)
(510, 150, 13, 3)
(510, 150, 13, 4)
(510, 150, 14, 2)
(510, 150, 14, 3)
(510, 150, 14, 4)
(510, 150, 15, 2)
(510, 150, 15, 3)
(510, 200, 4, 3)
(510, 200, 4, 4)
(510, 200, 5, 3)
(510, 200, 5, 4)
(510, 200, 5, 5)
(510, 200, 6, 2)
(510, 200, 6, 3)
(510, 200, 6, 4)
(510, 200, 6, 5)
(510, 200, 6, 6)
(510, 200, 7, 2)
(510, 200, 7, 3)
(510, 200, 7, 4)
(510, 200, 7, 5)
(510, 200, 7, 6)
(510, 200, 7, 7)
(510, 200, 8, 2)
(510, 200, 8, 3)
(510, 200, 8, 4)
(510, 200, 8, 5)
(510, 200, 8, 6)
(510, 200, 8, 7)
(510, 200, 9, 2)
(510, 200, 9, 3)
(510, 200, 9, 4)
(510, 200, 9, 5)
(510, 200, 9, 6)
(510, 200, 9, 7)
(510, 200, 10, 2)
(510, 200, 10, 3)
(510, 200, 10, 4)
(510, 200, 10, 5)
(510, 200, 10, 6)
(510, 200, 11, 2)
(510, 200, 11, 3)
(510, 200, 11, 4)
(510, 200, 11, 5)
(510, 200, 12, 2)
(510, 200, 12, 3)
(510, 200, 12, 4)
(510, 200, 12, 5)
(510, 200, 13, 2)
(510, 200, 13, 3)
(510, 200, 13, 4)
(510, 200, 14, 2)
(510, 200, 14, 3)
(510, 200, 15, 2)
(510, 200, 15, 3)
(510, 250, 5, 3)
(510, 250, 5, 4)
(510, 250, 5, 5)
(510, 250, 6, 3)
(510, 250, 6, 4)
(510, 250, 6, 5)
(510, 250, 6, 6)
(510, 250, 7, 3)
(510, 250, 7, 4)
(510, 250, 7, 5)
(510, 250, 7, 6)
(510, 250, 7, 7)
(510, 250, 8, 3)
(510, 250, 8, 4)
(510, 250, 8, 5)
(510, 250, 8, 6)
(510, 250, 8, 7)
(510, 250, 9, 3)
(510, 250, 9, 4)
(510, 250, 9, 5)
(510, 250, 9, 6)
(510, 250, 9, 7)
(510, 250, 10, 3)
(510, 250, 10, 4)
(510, 250, 10, 5)
(510, 250, 10, 6)
(510, 250, 11, 3)
(510, 250, 11, 4)
(510, 250, 11, 5)
(510, 250, 12, 3)
(510, 250, 12, 4)
(510, 250, 13, 3)
(510, 250, 13, 4)
(510, 250, 14, 3)
(510, 250, 15, 3)
(510, 300, 5, 4)
(510, 300, 6, 3)
(510, 300, 6, 4)
(510, 300, 6, 5)
(510, 300, 6, 6)
(510, 300, 7, 3)
(510, 300, 7, 4)
(510, 300, 7, 5)
(510, 300, 7, 6)
(510, 300, 7, 7)
(510, 300, 8, 3)
(510, 300, 8, 4)
(510, 300, 8, 5)
(510, 300, 8, 6)
(510, 300, 8, 7)
(510, 300, 9, 3)
(510, 300, 9, 4)
(510, 300, 9, 5)
(510, 300, 9, 6)
(510, 300, 9, 7)
(510, 300, 10, 3)
(510, 300, 10, 4)
(510, 300, 10, 5)
(510, 300, 10, 6)
(510, 300, 10, 7)
(510, 300, 11, 3)
(510, 300, 11, 4)
(510, 300, 11, 5)
(510, 300, 12, 3)
(510, 300, 12, 4)
(510, 350, 7, 4)
(510, 350, 7, 5)
(510, 350, 8, 4)
(510, 350, 8, 5)
(510, 350, 8, 6)
(510, 350, 9, 4)
(510, 350, 9, 5)
(510, 350, 9, 6)
(510, 350, 9, 7)
(510, 350, 10, 4)
(510, 350, 10, 5)
(510, 350, 11, 4)
(510, 350, 11, 5)
(510, 350, 12, 4)
(515, 0, 4, 2)
(515, 0, 4, 3)
(515, 0, 4, 4)
(515, 0, 4, 5)
(515, 0, 5, 2)
(515, 0, 5, 3)
(515, 0, 5, 4)
(515, 0, 5, 5)
(515, 0, 5, 6)
(515, 0, 6, 2)
(515, 0, 6, 3)
(515, 0, 6, 4)
(515, 0, 6, 5)
(515, 0, 6, 6)
(515, 0, 6, 7)
(515, 0, 7, 2)
(515, 0, 7, 3)
(515, 0, 7, 4)
(515, 0, 7, 5)
(515, 0, 7, 6)
(515, 0, 7, 7)
(515, 0, 7, 8)
(515, 0, 8, 2)
(515, 0, 8, 3)
(515, 0, 8, 4)
(515, 0, 8, 5)
(515, 0, 8, 6)
(515, 0, 8, 7)
(515, 0, 8, 8)
(515, 0, 8, 9)
(515, 0, 9, 2)
(515, 0, 9, 3)
(515, 0, 9, 4)
(515, 0, 9, 5)
(515, 0, 9, 6)
(515, 0, 9, 7)
(515, 0, 10, 2)
(515, 0, 10, 3)
(515, 0, 10, 4)
(515, 0, 10, 5)
(515, 0, 10, 6)
(515, 0, 11, 2)
(515, 0, 11, 3)
(515, 0, 11, 4)
(515, 0, 11, 5)
(515, 0, 12, 2)
(515, 0, 12, 3)
(515, 0, 12, 4)
(515, 0, 12, 5)
(515, 0, 13, 2)
(515, 0, 13, 3)
(515, 0, 13, 4)
(515, 0, 14, 2)
(515, 0, 14, 3)
(515, 0, 14, 4)
(515, 0, 15, 2)
(515, 0, 15, 3)
(515, 0, 15, 4)
(515, 50, 4, 2)
(515, 50, 4, 3)
(515, 50, 4, 4)
(515, 50, 4, 5)
(515, 50, 5, 2)
(515, 50, 5, 3)
(515, 50, 5, 4)
(515, 50, 5, 5)
(515, 50, 5, 6)
(515, 50, 6, 2)
(515, 50, 6, 3)
(515, 50, 6, 4)
(515, 50, 6, 5)
(515, 50, 6, 6)
(515, 50, 6, 7)
(515, 50, 7, 2)
(515, 50, 7, 3)
(515, 50, 7, 4)
(515, 50, 7, 5)
(515, 50, 7, 6)
(515, 50, 7, 7)
(515, 50, 7, 8)
(515, 50, 8, 2)
(515, 50, 8, 3)
(515, 50, 8, 4)
(515, 50, 8, 5)
(515, 50, 8, 6)
(515, 50, 8, 7)
(515, 50, 8, 8)
(515, 50, 8, 9)
(515, 50, 9, 2)
(515, 50, 9, 3)
(515, 50, 9, 4)
(515, 50, 9, 5)
(515, 50, 9, 6)
(515, 50, 9, 7)
(515, 50, 10, 2)
(515, 50, 10, 3)
(515, 50, 10, 4)
(515, 50, 10, 5)
(515, 50, 10, 6)
(515, 50, 11, 2)
(515, 50, 11, 3)
(515, 50, 11, 4)
(515, 50, 11, 5)
(515, 50, 12, 2)
(515, 50, 12, 3)
(515, 50, 12, 4)
(515, 50, 12, 5)
(515, 50, 13, 2)
(515, 50, 13, 3)
(515, 50, 13, 4)
(515, 50, 14, 2)
(515, 50, 14, 3)
(515, 50, 14, 4)
(515, 50, 15, 2)
(515, 50, 15, 3)
(515, 100, 4, 2)
(515, 100, 4, 3)
(515, 100, 4, 4)
(515, 100, 4, 5)
(515, 100, 5, 2)
(515, 100, 5, 3)
(515, 100, 5, 4)
(515, 100, 5, 5)
(515, 100, 5, 6)
(515, 100, 6, 2)
(515, 100, 6, 3)
(515, 100, 6, 4)
(515, 100, 6, 5)
(515, 100, 6, 6)
(515, 100, 6, 7)
(515, 100, 7, 2)
(515, 100, 7, 3)
(515, 100, 7, 4)
(515, 100, 7, 5)
(515, 100, 7, 6)
(515, 100, 7, 7)
(515, 100, 7, 8)
(515, 100, 8, 2)
(515, 100, 8, 3)
(515, 100, 8, 4)
(515, 100, 8, 5)
(515, 100, 8, 6)
(515, 100, 8, 7)
(515, 100, 8, 8)
(515, 100, 9, 2)
(515, 100, 9, 3)
(515, 100, 9, 4)
(515, 100, 9, 5)
(515, 100, 9, 6)
(515, 100, 9, 7)
(515, 100, 10, 2)
(515, 100, 10, 3)
(515, 100, 10, 4)
(515, 100, 10, 5)
(515, 100, 10, 6)
(515, 100, 11, 2)
(515, 100, 11, 3)
(515, 100, 11, 4)
(515, 100, 11, 5)
(515, 100, 12, 2)
(515, 100, 12, 3)
(515, 100, 12, 4)
(515, 100, 13, 2)
(515, 100, 13, 3)
(515, 100, 13, 4)
(515, 100, 14, 2)
(515, 100, 14, 3)
(515, 100, 15, 2)
(515, 100, 15, 3)
(515, 150, 4, 2)
(515, 150, 4, 3)
(515, 150, 4, 4)
(515, 150, 5, 2)
(515, 150, 5, 3)
(515, 150, 5, 4)
(515, 150, 5, 5)
(515, 150, 5, 6)
(515, 150, 6, 2)
(515, 150, 6, 3)
(515, 150, 6, 4)
(515, 150, 6, 5)
(515, 150, 6, 6)
(515, 150, 6, 7)
(515, 150, 7, 2)
(515, 150, 7, 3)
(515, 150, 7, 4)
(515, 150, 7, 5)
(515, 150, 7, 6)
(515, 150, 7, 7)
(515, 150, 7, 8)
(515, 150, 8, 2)
(515, 150, 8, 3)
(515, 150, 8, 4)
(515, 150, 8, 5)
(515, 150, 8, 6)
(515, 150, 8, 7)
(515, 150, 8, 8)
(515, 150, 9, 2)
(515, 150, 9, 3)
(515, 150, 9, 4)
(515, 150, 9, 5)
(515, 150, 9, 6)
(515, 150, 10, 2)
(515, 150, 10, 3)
(515, 150, 10, 4)
(515, 150, 10, 5)
(515, 150, 11, 2)
(515, 150, 11, 3)
(515, 150, 11, 4)
(515, 150, 12, 2)
(515, 150, 12, 3)
(515, 150, 12, 4)
(515, 150, 13, 2)
(515, 150, 13, 3)
(515, 150, 14, 2)
(515, 150, 14, 3)
(515, 150, 15, 2)
(515, 150, 15, 3)
(515, 200, 4, 3)
(515, 200, 4, 4)
(515, 200, 5, 3)
(515, 200, 5, 4)
(515, 200, 5, 5)
(515, 200, 6, 2)
(515, 200, 6, 3)
(515, 200, 6, 4)
(515, 200, 6, 5)
(515, 200, 6, 6)
(515, 200, 7, 2)
(515, 200, 7, 3)
(515, 200, 7, 4)
(515, 200, 7, 5)
(515, 200, 7, 6)
(515, 200, 7, 8)
(515, 200, 8, 2)
(515, 200, 8, 3)
(515, 200, 8, 4)
(515, 200, 8, 5)
(515, 200, 8, 6)
(515, 200, 8, 7)
(515, 200, 8, 8)
(515, 200, 9, 2)
(515, 200, 9, 3)
(515, 200, 9, 4)
(515, 200, 9, 5)
(515, 200, 10, 2)
(515, 200, 10, 3)
(515, 200, 10, 4)
(515, 200, 10, 5)
(515, 200, 11, 2)
(515, 200, 11, 3)
(515, 200, 11, 4)
(515, 200, 12, 2)
(515, 200, 12, 3)
(515, 200, 12, 4)
(515, 200, 13, 2)
(515, 200, 13, 3)
(515, 200, 14, 2)
(515, 200, 14, 3)
(515, 200, 15, 2)
(515, 250, 5, 3)
(515, 250, 5, 4)
(515, 250, 5, 5)
(515, 250, 6, 3)
(515, 250, 6, 4)
(515, 250, 6, 5)
(515, 250, 6, 6)
(515, 250, 7, 3)
(515, 250, 7, 4)
(515, 250, 7, 5)
(515, 250, 7, 6)
(515, 250, 7, 7)
(515, 250, 8, 3)
(515, 250, 8, 4)
(515, 250, 8, 5)
(515, 250, 8, 6)
(515, 250, 8, 7)
(515, 250, 9, 3)
(515, 250, 9, 4)
(515, 250, 9, 5)
(515, 250, 10, 3)
(515, 250, 10, 4)
(515, 250, 10, 5)
(515, 250, 11, 4)
(515, 300, 6, 4)
(515, 300, 6, 5)
(515, 300, 7, 3)
(515, 300, 7, 4)
(515, 300, 7, 5)
(515, 300, 7, 6)
(515, 300, 7, 7)
(515, 300, 8, 3)
(515, 300, 8, 4)
(515, 300, 8, 5)
(515, 300, 8, 6)
(515, 300, 8, 7)
(515, 300, 9, 3)
(515, 300, 9, 4)
(515, 300, 9, 5)
(515, 300, 10, 4)
(515, 300, 10, 5)
(515, 300, 11, 4)
(515, 350, 7, 4)
(515, 350, 7, 5)
(515, 350, 8, 4)
(515, 350, 8, 5)
(515, 350, 8, 6)
(515, 350, 9, 4)
(515, 350, 9, 5)
(515, 350, 10, 4)
(515, 350, 10, 5)
